1200 0.04781847740120686
1196 0.04872881952613787
1192 0.0493424805779341
1188 0.05048413821753017
1184 0.05102475168676814
1180 0.05121802381350153
1176 0.05133266702888229
1172 0.05146291623765986
1168 0.05170908146475219
1164 0.05174671295173334
1160 0.05285818501945675
1156 0.05297067345857416
1152 0.05352543267797619
1148 0.05421925679204784
1144 0.05431771347857165
1140 0.05440046333864432
1136 0.05467452281778695
1132 0.05478273350686542
1128 0.05500934872868943
1124 0.05533900556171584
1120 0.05578133280149485
1116 0.05630570396931584
1112 0.05653996840890978
1108 0.05669525922861366
1104 0.05699640116266175
1100 0.05733459971555884
1096 0.05779356364625923
1092 0.05821416769199998
1088 0.05902226225225903
1084 0.05937524217827145
1080 0.05975535391532221
1076 0.05988067050239956
1072 0.06020626381084186
1068 0.06067389962847076
1064 0.06129696681486561
1060 0.06168294291019289
1056 0.06217023291783583
1052 0.06258418599021633
1048 0.06279783664742565
1044 0.06327330857340882
1040 0.06365464486537067
1036 0.06424721677458685
1032 0.0650943583110048
1028 0.06540077303890413
1024 0.06548851540975362
1020 0.06570162619041017
1016 0.06588135023555194
1012 0.06600925086272529
1008 0.06613530167227738
1004 0.06650691533825813
1000 0.06709654376887118
996 0.06758159825314643
992 0.06803705289134555
988 0.06808409779250127
984 0.06812111129360979
980 0.06843623346001394
976 0.06856658664609595
972 0.06893037960053186
968 0.06912269170287096
964 0.06933850973056788
960 0.06983428355374702
956 0.06995005048921195
952 0.07046548003927465
948 0.07086142047126029
944 0.07133674600208229
940 0.07168275037745279
936 0.07215895323178458
932 0.07252669558334242
928 0.07332247855119518
924 0.07343094929977745
920 0.07363327344815178
916 0.07395941894135989
912 0.07443712181283987
908 0.07493710812048406
904 0.0757122880077486
900 0.0760797860022679
896 0.07626201059630147
892 0.07670181362328574
888 0.07688899917905054
884 0.07764013389739254
880 0.07796750479095538
876 0.0783001320211604
872 0.07846918400926117
868 0.0786840693961703
864 0.07890434856539884
860 0.07900830288743955
856 0.07943257265737658
852 0.07954699734900623
848 0.08007120879628495
844 0.0804746256279172
840 0.08074159464704828
836 0.08106615947238935
832 0.08137152086874079
828 0.08173387870095589
824 0.08208651055009618
820 0.08220774744022157
816 0.08244891555853807
812 0.0827702375732471
808 0.08353566930258256
804 0.08434079510640512
800 0.08477031597918532
796 0.08516564215174009
792 0.08532770431971205
788 0.08568079471624945
784 0.08627825175365889
780 0.08743127639416649
776 0.08788506915601696
772 0.0885652978666689
768 0.08891619993777904
764 0.08938857128262137
760 0.08984066585698174
756 0.0903937315977395
752 0.09136601526241829
748 0.09206440885221334
744 0.0924800988818567
740 0.09313537297697484
736 0.09351510109551395
732 0.09371697001065731
728 0.09406233900747636
724 0.09433841421210938
720 0.0956971346268157
716 0.09587059810823646
712 0.09598557087473371
708 0.09625603839413938
704 0.09655913102367826
700 0.09706209708343311
696 0.09732737372558452
692 0.09801055190503349
688 0.09850005164837237
684 0.09875481808950251
680 0.0992808756176633
676 0.09989638837953937
672 0.1008703259243851
668 0.1017066790710036
664 0.1022726868211018
660 0.1026909959245887
656 0.1031714843323938
652 0.1041319237563243
648 0.1052113979220159
644 0.1056835110392124
640 0.1064344263334118
636 0.1067593978597559
632 0.1071204500208801
628 0.1087662426400153
624 0.109869690372556
620 0.1101635607847485
616 0.11044024397369
612 0.1108653257021459
608 0.111226502188063
604 0.1120935355172143
600 0.113015334881144
596 0.1139398319212618
592 0.1141805047043714
588 0.1145532080029777
584 0.1152506403233855
580 0.1156287422427367
576 0.1164088953238871
572 0.116895556632035
568 0.1174665367722774
564 0.1182818252832788
560 0.1190947318579218
556 0.1200282210477243
552 0.1211745076441068
548 0.1228473875395889
544 0.1232390045385196
540 0.123509126472381
536 0.1241086659216253
532 0.12492305687392
528 0.1268658633980407
524 0.1274170692225258
520 0.1282432724196029
516 0.1294062329555964
512 0.1303370229054328
508 0.1306908603294896
504 0.1311030194578878
500 0.1320483480047259
496 0.1332750157614652
492 0.1338624928382672
488 0.1348950213835203
484 0.1362924292100393
480 0.1368280288375798
476 0.1372443954080556
472 0.1379513383898255
468 0.1393840153803634
464 0.1400323373321982
460 0.140872107979964
456 0.1419752498906431
452 0.143333690591109
448 0.1442078155302264
444 0.1455633737323355
440 0.146233250365218
436 0.1475585686935048
432 0.1488756619769812
428 0.1499710226834211
424 0.150847509939102
420 0.1523852423441097
416 0.1531274836308752
412 0.1547915736038292
408 0.1564101757169128
404 0.1571623048361282
400 0.1581515289512248
396 0.1594632052253426
392 0.1608225592843885
388 0.1625885993733131
384 0.1634117632880547
380 0.1645343394995395
376 0.165430511640719
372 0.1666950746337318
368 0.1680760204625209
364 0.1691386068184983
360 0.1707148244662883
356 0.1721479660258336
352 0.174298322298985
348 0.1760388888004803
344 0.1776519821420284
340 0.1797480849359353
336 0.1812726209430128
332 0.1834765905206578
328 0.1844113838460163
324 0.1871869724968515
320 0.1900128070928004
316 0.1916588739419965
312 0.1926808191988397
308 0.193492458149212
304 0.1962583383745755
300 0.1988233903238581
296 0.2005723760589371
292 0.2022772176327056
288 0.2042153057363516
284 0.2053296702341103
280 0.2088998871113956
276 0.2107374367182049
272 0.2129669101095812
268 0.2152548945759638
264 0.2180884864286651
260 0.2219929661958929
256 0.2246665151276574
252 0.2266099826566073
248 0.2294231902717385
244 0.2335103003038473
240 0.2375475619776845
236 0.24013545691946
232 0.2421425678109695
228 0.245803984785877
224 0.2520413864487472
220 0.254085515723557
216 0.257630051713681
212 0.2630134778099416
208 0.2681654346940302
204 0.2711735757868124
200 0.2752815094160598
196 0.2791829019095073
192 0.2847129249418386
188 0.2887928301234599
184 0.2937651478168616
180 0.2984249440737016
176 0.3033110399149199
172 0.3135691545496618
168 0.3184909406581173
164 0.322673041364327
160 0.3339679522040125
156 0.339489950330377
152 0.3433842438078478
148 0.3510866322610322
144 0.3571217012817342
140 0.3623770882906547
136 0.3714072439027467
132 0.3790692922341485
128 0.3892694849771591
124 0.400567567633405
120 0.4119299481258978
116 0.4271214916589667
112 0.4321990772202922
108 0.4380376597939325
104 0.4513156700847893
100 0.4623868844419153
96 0.4711621048833406
92 0.4830980204072158
88 0.5011747296805807
84 0.513235272322717
80 0.5280528424755974
76 0.5445073968228277
72 0.5566566329601639
68 0.5767933879833625
64 0.5857596233274187
60 0.6128159979836928
56 0.631362220366717
52 0.6571297229610241
48 0.6740810388964166
44 0.6969696554027477
40 0.7143580788315446
36 0.7404605054693107
32 0.7745393049109672
28 0.8038996113002052
24 0.8237956019615951
20 0.8502584667280935
16 0.8814595193819356
12 0.9098503622391746
8 0.9251807238258124
4 0.9538272603431736
