1200 0.0831568020951533
1196 0.08374428531773195
1192 0.08873432545314297
1188 0.09234834308628757
1184 0.09911153145343449
1180 0.09920476587987789
1176 0.09931325449987388
1172 0.09920142011936318
1168 0.09908723678477295
1164 0.09907334974807981
1160 0.09924152047948658
1156 0.09977225230978647
1152 0.1003112725302483
1148 0.09896279489840612
1144 0.09934293126501646
1140 0.09960602715198795
1136 0.0997868295591902
1132 0.100071954098632
1128 0.1002511498902315
1124 0.100376267489477
1120 0.1006173154167587
1116 0.1008005622176356
1112 0.1011996483938257
1108 0.1016470751559297
1104 0.1015784844929787
1100 0.1016208404995343
1096 0.1015676916343846
1092 0.1017540478217805
1088 0.102169311644764
1084 0.1025896738247132
1080 0.1028706742833926
1076 0.1035305732894397
1072 0.1059174585163344
1068 0.1070651196149207
1064 0.1076083654521138
1060 0.1103187875256788
1056 0.1115007917555734
1052 0.1131477096978121
1048 0.1138799194178387
1044 0.1145589975444712
1040 0.1152667348995829
1036 0.1161843969043803
1032 0.1162981867648682
1028 0.1163887064700877
1024 0.1161974320537979
1020 0.11668910697719
1016 0.1172043785812591
1012 0.1176490060927678
1008 0.1178279578956189
1004 0.1188403072948117
1000 0.1220284412621315
996 0.1229116171749367
992 0.1229311762501433
988 0.1226884528515868
984 0.1225642229320441
980 0.1226968279227476
976 0.1224538840725579
972 0.1227231897267009
968 0.1229259701925813
964 0.1230522572319749
960 0.1239971976265603
956 0.1249468799916726
952 0.1250351437082194
948 0.1251235668481503
944 0.1266082654207574
940 0.127466044098156
936 0.1275691898735255
932 0.1280947150162817
928 0.1286056710814666
924 0.1294270190965878
920 0.1320647680601434
916 0.1319718019040789
912 0.1327516877357609
908 0.1337749342893451
904 0.135650480943834
900 0.1367965062553225
896 0.1377346227704094
892 0.1397420692115694
888 0.140220457492276
884 0.1475300409787696
880 0.1480072790418063
876 0.1480458434378342
872 0.1480014011975028
868 0.147980366179803
864 0.1478791048969802
860 0.147695009993379
856 0.1474518399095124
852 0.1470470194046517
848 0.1492064218981255
844 0.1486297257787133
840 0.1483283859646331
836 0.1488449119013868
832 0.1490181588144939
828 0.1496294685428613
824 0.1505544118808584
820 0.150359259427002
816 0.1496555625584851
812 0.1500950039007262
808 0.1517815642187458
804 0.1534852133547925
800 0.1537877235987274
796 0.1546329518950546
792 0.1554214727721271
788 0.1562379400996078
784 0.156757080132789
780 0.1572841364129489
776 0.1576109502664944
772 0.1584121622551088
768 0.1604101363237705
764 0.1614189228750716
760 0.1629993314029579
756 0.1655990651268173
752 0.1735053212289908
748 0.173559887376802
744 0.1775196404535813
740 0.1814253813168576
736 0.1816315140062108
732 0.1819801711951832
728 0.1810118961588671
724 0.1798055894054275
720 0.1789035447602908
716 0.1778324585714892
712 0.1779617546100303
708 0.1781323196272851
704 0.178590750559756
700 0.1786282758041118
696 0.1785821990224333
692 0.1788854341050091
688 0.1786837561690493
684 0.1793436850500368
680 0.179956158715523
676 0.1809921955196111
672 0.180401415265269
668 0.1818876507752872
664 0.1828113642076019
660 0.1823130844524768
656 0.1839204688916954
652 0.1843917740645033
648 0.1848708635383584
644 0.1853060206448695
640 0.1869473512158716
636 0.1872054480835396
632 0.1886947491779877
628 0.1927552856893142
624 0.1940931515562493
620 0.1946448806910261
616 0.1944868358029118
612 0.1955702958483827
608 0.1961879251593637
604 0.2001279298693421
600 0.2048303124380305
596 0.2057251970540953
592 0.2045206656805056
588 0.2041132634063036
584 0.2034798597002467
580 0.203295329593836
576 0.2029593992061401
572 0.2036849631258454
568 0.2045446347557453
564 0.2049456583242931
560 0.2062986085731087
556 0.2066381908142395
552 0.2081425048653226
548 0.2086562132464189
544 0.2095782497687248
540 0.2080561910762577
536 0.2089882382002002
532 0.2098924953539968
528 0.2113099511252765
524 0.2121202992982022
520 0.213752780668444
516 0.21832903953216
512 0.2232756065927905
508 0.2238815507338335
504 0.2241533662813872
500 0.2247501016966341
496 0.2244973237489134
492 0.2240353360479241
488 0.2252062154362653
484 0.2336379392121794
480 0.2328454032670597
476 0.2332605397550963
472 0.2335115409068153
468 0.2329912787833432
464 0.2321342493594544
460 0.2321705411032273
456 0.2328484794175332
452 0.2322297252391071
448 0.2344303060028323
444 0.2362430787867422
440 0.2380132937380157
436 0.2382277098235994
432 0.2393907785789064
428 0.2390398126382269
424 0.2382723532467004
420 0.23963783091094
416 0.2455035386670152
412 0.2613077745968018
408 0.262074762371833
404 0.2622789162019784
400 0.2624563564639161
396 0.2624709114285202
392 0.2628711913136665
388 0.2634947187852042
384 0.2643324295853309
380 0.2643571332549766
376 0.26448048642984
372 0.265564752179522
368 0.2671483227035524
364 0.265835311014767
360 0.2638816439330094
356 0.2636095983912062
352 0.2651014758092046
348 0.2688077174481335
344 0.2669477607507884
340 0.2654296338477546
336 0.2638618082190169
332 0.263468719726373
328 0.2624191810529496
324 0.2678180822777875
320 0.2748962909762719
316 0.2756506706188593
312 0.2760606104354225
308 0.2756922849051499
304 0.2788693598777256
300 0.2919582854726404
296 0.290899828913896
292 0.2898895630980562
288 0.2883038421778523
284 0.2881260604488312
280 0.2918720625466016
276 0.2931638051082504
272 0.29463751159179
268 0.2964600124197524
264 0.2980015476779617
260 0.2869914237417636
256 0.2883795120233714
252 0.2897070298102435
248 0.2966469522905072
244 0.3070557799408763
240 0.3175770903742475
236 0.3186076090426272
232 0.3251724560552541
228 0.330448724122485
224 0.3353729872860248
220 0.3415524875948386
216 0.3464678419171103
212 0.353944580379106
208 0.3551666574183999
204 0.3597062534530979
200 0.3670272163704295
196 0.3680628488210878
192 0.3844373195144334
188 0.3866873716473276
184 0.3914698915533898
180 0.3916323262099177
176 0.4230510026306199
172 0.4626381434844623
168 0.4616646958043322
164 0.4613425354017145
160 0.4675722790608786
156 0.4780464154563666
152 0.4872767122948553
148 0.4949051384010836
144 0.4963400753694651
140 0.4974636432223644
136 0.5007766343993051
132 0.5237631525466184
128 0.5312509684419495
124 0.5663662313104486
120 0.574736409698229
116 0.5763733581126481
112 0.579150449822729
108 0.5857385119809045
104 0.6058264219476167
100 0.6172566701912048
96 0.6513255443468903
92 0.642844269606808
88 0.6431143482838735
84 0.6518625281538909
80 0.6508710323087821
76 0.6737613879285894
72 0.6807380216182404
68 0.7002028320462894
64 0.7256393000306021
60 0.756770861624256
56 0.769000787499893
52 0.8040832779246813
48 0.8100331211323319
44 0.8179438365420124
40 0.8321475031412248
36 0.8578735376375251
32 0.9187462110060177
28 0.9284776099050043
24 0.9626948407386002
20 0.9614143657547971
16 0.9918333745415924
12 0.9955664567050478
8 0.9950334492875667
4 0.9987022803843773
