1200 0.006805672054142749
1196 0.006806441745479752
1192 0.006808256842550486
1188 0.007038542315939123
1184 0.007202046746443472
1180 0.00720870677174535
1176 0.007216340110472542
1172 0.007245114543987572
1168 0.00726535385838277
1164 0.007314928029470297
1160 0.007361107019000417
1156 0.007374260914794446
1152 0.007389870066359351
1148 0.007433125311267809
1144 0.007441227881701157
1140 0.007460743137664908
1136 0.007509688741192099
1132 0.007542754377594738
1128 0.007577981756619456
1124 0.007613629860640964
1120 0.007627334536353495
1116 0.007656711408668551
1112 0.007673208468229801
1108 0.007714059754384008
1104 0.007733130023522374
1100 0.007788315799683364
1096 0.007782697975864615
1092 0.00777791264452805
1088 0.007782640587656558
1084 0.007837659963290484
1080 0.007834223062435725
1076 0.00782242109189064
1072 0.007998497320518898
1068 0.008002908088089037
1064 0.00799125250900657
1060 0.008001920540033642
1056 0.008106113969169451
1052 0.008221685883439085
1048 0.008171035504228156
1044 0.008074722367825585
1040 0.008123934784709469
1036 0.008094902423914217
1032 0.008293463101898215
1028 0.008299188166999226
1024 0.008300976262138913
1020 0.008327519057208736
1016 0.008318938319600781
1012 0.00832883385580503
1008 0.008348786084653741
1004 0.008440738203180746
1000 0.008731675138745117
996 0.008926652427264528
992 0.008958811722941771
988 0.00893893963352013
984 0.008941859297693892
980 0.009021847436042332
976 0.009069887123439131
972 0.009224951468269441
968 0.009284218335403762
964 0.009331971392522825
960 0.009500338295886784
956 0.009586119969882949
952 0.009617882491966052
948 0.009690129241516169
944 0.0097492923366174
940 0.009832073710825499
936 0.009846034730264887
932 0.009916699831285255
928 0.01000812323505591
924 0.01019100687500252
920 0.01039227475497312
916 0.01040283399725358
912 0.01045921124444416
908 0.01044029302507002
904 0.01046658906244291
900 0.01048530904858684
896 0.01051848710828134
892 0.01065784228376682
888 0.01066419189735224
884 0.01115591564277104
880 0.01116674251516495
876 0.0111864068992025
872 0.01114149661835234
868 0.01106922288172349
864 0.01137890264924028
860 0.01137738120222699
856 0.01183655344087855
852 0.01175483637540461
848 0.01221888896362533
844 0.01235145287859593
840 0.01234427256732847
836 0.01238467356645213
832 0.01240956438685345
828 0.01242199219398771
824 0.01268401446115795
820 0.01287185744265648
816 0.01320767686999349
812 0.01339939643584729
808 0.01364865371643989
804 0.01409404261226422
800 0.01438734429961014
796 0.01464118032158124
792 0.01480454602320807
788 0.01512004553557737
784 0.01535400317631972
780 0.01597387400842782
776 0.016305446182537
772 0.01658128283263393
768 0.01678284353626668
764 0.01700995712924226
760 0.01716812647481573
756 0.01742252646305442
752 0.01751615901257355
748 0.01756039617363464
744 0.01769416909364063
740 0.01793092883953023
736 0.01797974020847512
732 0.01807749571185776
728 0.01835843149168565
724 0.01871681530614441
720 0.01918884000255858
716 0.01937680116756186
712 0.01952628381666936
708 0.01962960992347333
704 0.01984170301559834
700 0.0200725362741372
696 0.02018775061442903
692 0.0205254592765715
688 0.02074335194625884
684 0.0211021535467893
680 0.02125239316587632
676 0.0214453558741182
672 0.02156573688562752
668 0.0218648295728798
664 0.02215769153691462
660 0.02237886016394403
656 0.0225533235691982
652 0.02289620625900619
648 0.02322142115869861
644 0.02358198971494991
640 0.0239498536742547
636 0.02423442858768179
632 0.02458329630420768
628 0.0252161439560737
624 0.02553199645010695
620 0.02572329782576871
616 0.02587932941869221
612 0.02611650641899041
608 0.02637264721170047
604 0.02686561331358845
600 0.02705734850173667
596 0.02767020343350398
592 0.02781396333191578
588 0.02789685162065418
584 0.02812040702185451
580 0.0282477919906399
576 0.02849635579408128
572 0.02876035967874065
568 0.02913973114912365
564 0.02963093053157644
560 0.02982065949373199
556 0.0299655510681415
552 0.03040369354301101
548 0.03083630223503461
544 0.0309935551230644
540 0.03130536089428486
536 0.03161592461396724
532 0.03191548664344679
528 0.03240293410941739
524 0.03255754341436038
520 0.03287002665136807
516 0.03313110577035951
512 0.03418460810180345
508 0.03438132743151453
504 0.03454900367331314
500 0.03483008786662743
496 0.03500685823353204
492 0.03534706258227546
488 0.03555888049057456
484 0.03577197709090415
480 0.03578332257598089
476 0.03592449814533943
472 0.03636524985853462
468 0.03656822301248053
464 0.03668864486680717
460 0.0369527229833359
456 0.03721257185682605
452 0.03778982456046366
448 0.03787323883981741
444 0.03773835552577077
440 0.03765173682672591
436 0.03787732508100122
432 0.0383920794861418
428 0.03839291652805422
424 0.03805636132614881
420 0.03805613987161943
416 0.03876088137404095
412 0.04182888741312048
408 0.04188737813513726
404 0.04175918623137447
400 0.04140861556968266
396 0.04140036036787297
392 0.041625199019961
388 0.04175153248085538
384 0.04173039534901242
380 0.04179709432043329
376 0.04181400749728251
372 0.04216726406397431
368 0.04298070240346303
364 0.04304806355646403
360 0.04353065790791905
356 0.04391066038203862
352 0.045007919773852
348 0.04598027158847173
344 0.04642740613134431
340 0.04744024844805488
336 0.0494331893207523
332 0.04945924939328836
328 0.04913200719738052
324 0.04968056958403032
320 0.05155888308808004
316 0.05170473600126674
312 0.05187243806993943
308 0.05183715897531919
304 0.05307846636743269
300 0.05767275890269854
296 0.05784872936739076
292 0.05813581592299041
288 0.05851193043226926
284 0.0603663883343829
280 0.06380464418741
276 0.06680578087169348
272 0.06739763755617671
268 0.06844766933622044
264 0.07179061525396045
260 0.07369789402190144
256 0.07537788949998261
252 0.07616039104652396
248 0.07870977857877666
244 0.08314989015435359
240 0.08780800605130748
236 0.08909165457157789
232 0.0897487032406314
228 0.09951774129685802
224 0.1035874751218828
220 0.1090878990662486
216 0.117129894659945
212 0.1179353505368372
208 0.1191634654031948
204 0.1209043107468648
200 0.125608284934923
196 0.1280889212181013
192 0.1363536998370118
188 0.1402909240398169
184 0.1475069331834524
180 0.1560412702087508
176 0.1734779638374591
172 0.1966109488737496
168 0.199674603662095
164 0.2029418682436978
160 0.2067739150854632
156 0.2127180619551159
152 0.2182548100103922
148 0.2255363097304659
144 0.2332908739685859
140 0.247007501190304
136 0.2499665154376248
132 0.2714710704110676
128 0.2778954891508503
124 0.3030423692772339
120 0.3112737499077345
116 0.3188538062006753
112 0.328812677418826
108 0.3344195916416275
104 0.3539008860728058
100 0.3681983410173764
96 0.3873019546318698
92 0.4189107832121913
88 0.4622948417784579
84 0.4736610559321465
80 0.4961253446061175
76 0.5150129121814134
72 0.5226159542904235
68 0.5388329519002323
64 0.5858516867926183
60 0.6751032960066036
56 0.6824734335964726
52 0.7036264260253678
48 0.7246734955255888
44 0.7697563786518333
40 0.7800049160316438
36 0.8020192963378678
32 0.8635176154021674
28 0.873326801934565
24 0.9176465420510089
20 0.9261997994627008
16 0.9598501257358344
12 0.9653418248872032
8 0.9670382216036847
4 0.9956523723281284
