1200 0.006403280775365907
1196 0.006436841519295881
1192 0.006493763121468714
1188 0.006724480691812674
1184 0.006821542071313081
1180 0.00684596576471644
1176 0.006864739309284876
1172 0.006917511168851042
1168 0.006956335963605022
1164 0.006975667230471091
1160 0.006969523721192035
1156 0.006977810284248679
1152 0.007044976241488058
1148 0.007165659109980488
1144 0.00718934314719193
1140 0.007218840275185055
1136 0.007274316185268189
1132 0.007292085708659736
1128 0.007325597868819382
1124 0.007338410439721647
1120 0.007333589874517536
1116 0.007380379551436093
1112 0.007379052095283052
1108 0.007402310075309193
1104 0.007433238680548585
1100 0.00743840455498123
1096 0.00744874640337894
1092 0.007446715373922536
1088 0.007524928613995374
1084 0.007541093768221012
1080 0.007536703365122894
1076 0.007518960366627039
1072 0.007605377236582088
1068 0.007599465910129475
1064 0.007629775743309271
1060 0.007639442029164178
1056 0.007636013811060873
1052 0.00764773627332682
1048 0.007634631075119562
1044 0.007589884648818244
1040 0.007734048631522762
1036 0.007820354677356912
1032 0.00797808815533518
1028 0.007961055059363118
1024 0.007960230036094482
1020 0.007963997414854576
1016 0.007964746398241121
1012 0.007985258674389702
1008 0.008013177762204329
1004 0.008111360894566421
1000 0.008252509309224268
996 0.008386451125749924
992 0.0085015590451926
988 0.008549241400492758
984 0.008582124114193573
980 0.008664354901744416
976 0.008706181154481383
972 0.008830345535973144
968 0.0088853632841832
964 0.008939019579010677
960 0.009049577472098299
956 0.009210010649958111
952 0.009326542886524099
948 0.009433438643444311
944 0.009496926517548736
940 0.009546665428887303
936 0.009622360532385885
932 0.009680685781190787
928 0.009823271009131981
924 0.009920836183164345
920 0.01008680355906983
916 0.01012717338435556
912 0.01014064119894102
908 0.01014096046329241
904 0.01020842166317686
900 0.01023365351774635
896 0.01029762690697188
892 0.01045362436264194
888 0.01050883508514449
884 0.01072888391036065
880 0.01072426394660768
876 0.01075306046547425
872 0.01077871305242367
868 0.01082744430313843
864 0.01091033128155505
860 0.01093977311572719
856 0.01117854142015691
852 0.0111868386228156
848 0.01137743022298218
844 0.0115367767871696
840 0.01163118467755976
836 0.01177896021079084
832 0.0119324489715896
828 0.01210661149607559
824 0.01232936018489136
820 0.01247485278828318
816 0.01274615029846087
812 0.01288933070134346
808 0.01311196788618393
804 0.01330787841309974
800 0.01350929012219526
796 0.01372604074092771
792 0.0140124399203526
788 0.01419285288231488
784 0.01441121244828041
780 0.0148126651889975
776 0.01501526614099267
772 0.01522185850358807
768 0.01541672262834412
764 0.01553600524786021
760 0.01564704920243073
756 0.0158647732751838
752 0.0162807604327076
748 0.01654825147626882
744 0.01676030300840908
740 0.0169575581072696
736 0.01706597227724331
732 0.01713510142798713
728 0.01736180134137326
724 0.01754850438536877
720 0.01801313897548564
716 0.01808420513028607
712 0.01815282948850992
708 0.01833752817347253
704 0.01848660519307307
700 0.01868451236246954
696 0.01884286440470348
692 0.01917327724811269
688 0.01944402504721509
684 0.01971745318808862
680 0.01994907800215976
676 0.02014939915121819
672 0.02060236188366917
668 0.02094860458935495
664 0.02122471572856132
660 0.02146238886054897
656 0.02189208254940433
652 0.02233824411979311
648 0.02275663410443605
644 0.02306844629353801
640 0.02335176566317173
636 0.02369183060017124
632 0.02400755850203426
628 0.02480983953810268
624 0.02525019666587182
620 0.025430266145334
616 0.02564724693153455
612 0.02583433220732097
608 0.02609040107774947
604 0.0265659697238986
600 0.02687208921174298
596 0.02715207077930428
592 0.02731894193297402
588 0.02750182977052357
584 0.02768221961541157
580 0.02791831976232273
576 0.02826452198801499
572 0.02839028380749241
568 0.02857857720453382
564 0.0288586247999702
560 0.02903221880057446
556 0.02928175278909627
552 0.02962005527884924
548 0.03004738108036841
544 0.03027686186351517
540 0.03062788569122603
536 0.03084067636462517
532 0.03103550832594075
528 0.03150709874582306
524 0.03171474041998858
520 0.03196967414238656
516 0.03259691921052718
512 0.03296360845617769
508 0.03311299212654322
504 0.03326684485333178
500 0.03349495489049911
496 0.03388433589346226
492 0.03409359739553313
488 0.03448300435406999
484 0.03497139506340994
480 0.03515958395191966
476 0.03531561133770634
472 0.03557000274263886
468 0.03580714654473509
464 0.03589348873415506
460 0.03606869903854339
456 0.03629609701416977
452 0.03652976481729271
448 0.03654652125746481
444 0.03670019582223186
440 0.03671552330083304
436 0.03699439136701439
432 0.03710006778284665
428 0.03711474159446773
424 0.03709291348677934
420 0.03717409799723956
416 0.03728644389383769
412 0.03778875947420814
408 0.03861658498162515
404 0.03856751955051973
400 0.03853374581940511
396 0.03891073754730254
392 0.03954199409245682
388 0.04052637399914482
384 0.04054371214047089
380 0.0407930338192018
376 0.04101685207307351
372 0.0414965703816801
368 0.04207115690733206
364 0.04242181869955449
360 0.04301900926269663
356 0.04333985103551077
352 0.04403267313789009
348 0.04492789212635107
344 0.04537640083272491
340 0.04581410863467929
336 0.04621003996509613
332 0.04674040734322665
328 0.04687837048879106
324 0.04890120163423329
320 0.04993816534027591
316 0.04987917702604117
312 0.05022455033737649
308 0.05014384321213817
304 0.05195923791667658
300 0.05413563795668902
296 0.05477461184834707
292 0.05524287757664
288 0.0569970111160545
284 0.05842907646181016
280 0.06162655237549876
276 0.06273734795842782
272 0.06420640955558791
268 0.06615929226731206
264 0.06861445276790698
260 0.072415310126342
256 0.07407220882919724
252 0.07555392000235407
248 0.07750304730660586
244 0.08151846081365929
240 0.08469200154886658
236 0.0864792248705641
232 0.08812046602874504
228 0.09137784575538556
224 0.09859004041528281
220 0.1001071388077973
216 0.1030394106890459
212 0.1073324048402273
208 0.1173895894009437
204 0.1189482822318191
200 0.1215718871137089
196 0.1262761235405961
192 0.1339338029437091
188 0.1383484998266765
184 0.1429204310265224
180 0.150082806563208
176 0.1563727241888229
172 0.1698560513635733
168 0.1761488288542316
164 0.1815568169416361
160 0.1983222084671721
156 0.2060267024494799
152 0.2104953453832
148 0.2196360960803387
144 0.2292247528661297
140 0.2364817515190835
136 0.2444004083728798
132 0.2529977022706025
128 0.2670700983635221
124 0.2814204715823467
120 0.2956070360367888
116 0.3143139600192809
112 0.3217227909258639
108 0.3308177687958783
104 0.350805236038108
100 0.3662037554639718
96 0.3811402516264522
92 0.4035217648125325
88 0.4278940344958679
84 0.446281028692176
80 0.4689834100095016
76 0.4876908127632413
72 0.5014903028306614
68 0.5222836120823366
64 0.5354917176081598
60 0.5872095779204035
56 0.6187130894379881
52 0.6718298588036453
48 0.6866944736640057
44 0.7113845174680669
40 0.7356654185209609
36 0.7744195471215269
32 0.8208039403978132
28 0.8544710982715578
24 0.8768786199239297
20 0.9064375144185922
16 0.9393060411502515
12 0.9602020540233878
8 0.963373695466067
4 0.9919656090900594
