1200 0.03246296673935235 0.03218754853115876 0.03537764323037072 0.0321875485311989 0.03151768812694433 0.0353035810523849 0.03537764323037026 0.03530358105238193 0.03418680538926058 
1196 0.03243895979307189 0.03236570382931185 0.03436129770607762 0.03236570382934398 0.03143729963421322 0.03428319825084328 0.0343612977060825 0.03428319825084787 0.03418503356349675 
1192 0.03242774631089342 0.03233669444198243 0.03419700531006003 0.03234086757873623 0.03141102224159084 0.03620075240902345 0.03419700531005643 0.03620075240900456 0.03419288978477004 
1188 0.0329426094443601 0.03258758861913033 0.03633572369318244 0.0325875886191618 0.03225424014182431 0.03648049793988456 0.03633572369318749 0.03648049793994847 0.0356755327704894 
1184 0.03294567811584676 0.03300686140801229 0.03633490043558987 0.03300686140798513 0.0322569386318443 0.03648104301557811 0.03633490043561561 0.03648104301563049 0.03618984058893503 
1180 0.03296159730143098 0.03300975759546803 0.03659869246960597 0.03300975759545155 0.03226459161962154 0.03673811329658232 0.03659869246962071 0.03673811329659254 0.03619111228390585 
1176 0.03296165714352264 0.03301037315662846 0.03659941208453157 0.03301037315663223 0.03226051647786649 0.03673729224444987 0.03659941208455712 0.03673729224446654 0.03625005931746545 
1172 0.03376822754952825 0.03365490714526524 0.03660069411182872 0.03365490714527782 0.03317879597048254 0.03673881370050909 0.03660069411183493 0.03673881370051576 0.03693564613359848 
1168 0.03376830395749669 0.03365749652261976 0.03660080525597088 0.03365749652263934 0.03332598334377241 0.03673786823055702 0.03660080525597931 0.03673786823058222 0.03692470823168132 
1164 0.03407069301287797 0.03418316067727262 0.03660613515538479 0.03418316067724843 0.03354208919412433 0.03674580197598273 0.03660613515540333 0.03674580197601342 0.03692454221634729 
1160 0.03638710879066325 0.03492614118973818 0.03660599535608764 0.03492614118973131 0.0347434667294417 0.03674918606188599 0.03660599535611677 0.03674918606189454 0.03761680014063832 
1156 0.03632579971829407 0.03627764131564218 0.03770567181462785 0.03627764131564796 0.0347443772367073 0.03790147787719931 0.03770567181463257 0.03790147787717957 0.03762053862844104 
1152 0.03633789183789274 0.03627744696642392 0.03777431953287409 0.03627744696642634 0.03623804062028359 0.0379790303131962 0.03777431953285065 0.0379790303131966 0.03761751575906772 
1148 0.03633572400535414 0.03629075909766459 0.03777257876851796 0.03629075909767349 0.03633576473389551 0.03797911030403199 0.03777257876851774 0.03797911030405229 0.03762776485498526 
1144 0.03635697552470392 0.03635042778751935 0.03770365439931588 0.03635042778753104 0.03632993628223368 0.03751605041938354 0.0377036543992899 0.03751605041938979 0.03762552609953822 
1140 0.0363265765331995 0.03634982839397066 0.03771130437088038 0.03634982839397888 0.03630594651215741 0.03751968532261958 0.03771130437087802 0.03751968532258701 0.03762734021898487 
1136 0.03670042121977023 0.03681369683196273 0.03787203927653715 0.03681369683196787 0.03699497949120875 0.03752330043415289 0.03787203927654461 0.03752330043414429 0.03763218024221416 
1132 0.03665745394344925 0.03677521383551418 0.03816473871318127 0.0367768991445856 0.03698124042574483 0.03813688977709797 0.03816473871316046 0.03813688977709441 0.03766662757174168 
1128 0.03665610011954916 0.0367759136465716 0.03815204519559463 0.03677591364657649 0.03693789872529093 0.03813064312108177 0.03815204519558217 0.03813064312107341 0.0376595499641957 
1124 0.03694509782627542 0.03688711802844431 0.03788934398181347 0.03688711802844103 0.0369340706655829 0.03811543505725844 0.0378893439818009 0.03811543505726337 0.03785834986447036 
1120 0.03751525913856973 0.03775649265018684 0.03786161304078182 0.03775649265017216 0.03763757780055239 0.03817264380302952 0.03786161304077936 0.03817264380302637 0.03785952972361076 
1116 0.03747436833002803 0.03774229325322187 0.03785510818066772 0.03774229325320665 0.03763783917979087 0.03819534730598792 0.03785510818066317 0.0381953473059973 0.03796691642701962 
1112 0.03746014410316321 0.03773453887235538 0.03785458384128382 0.03773453887234895 0.03768124658452623 0.03819200376333716 0.03785458384128716 0.038192003763317 0.03797026472131526 
1108 0.03759839824757203 0.03779368539778269 0.03802402407204016 0.03779368539778106 0.03768582936327348 0.03819298836468314 0.0380240240720488 0.03819191177399912 0.0379739424082142 
1104 0.03759666268193806 0.03778897159557761 0.03803728041614111 0.03778897159558928 0.03767798433358861 0.03825949964190896 0.03803728041614118 0.03825949964191244 0.03797792294450118 
1100 0.03745214397396509 0.03773157721120078 0.03784111069600966 0.03773157721120166 0.037522582534928 0.03841568241191249 0.03784111069601823 0.03841483002032892 0.03797790689629658 
1096 0.03755039532163651 0.03771239968706194 0.03784198944335904 0.03771239968706516 0.03749973110159769 0.03786177706559867 0.03787145829585745 0.03786177706561492 0.03750319151105751 
1092 0.03720336494070701 0.03774786954639927 0.03732264819887867 0.03774786954640594 0.03752238408473229 0.03738127871525152 0.03732264819886315 0.0373812787152453 0.03644912142012022 
1088 0.03720705308875284 0.03740265676427932 0.03733048385442737 0.03740265676428343 0.03710352660511796 0.03739043828098969 0.03733048385442973 0.03739043828100384 0.03928543317560658 
1084 0.03720467309936137 0.03740189211469632 0.03707858053066226 0.03740189211469606 0.03713182733911049 0.03709375268272683 0.03707858053066209 0.03709375268273234 0.03933579169777338 
1080 0.03641637967220376 0.03740641699510037 0.03911917413751567 0.03740641699509865 0.0371237030160231 0.03924018740510156 0.03911917413751251 0.0392401874050973 0.03933659413425215 
1076 0.0365603542472704 0.03654706650945958 0.03983426114556209 0.03654706650946964 0.03640499694187754 0.03994883474639555 0.03983426114555731 0.03994883474639753 0.03986025284318741 
1072 0.03595450898824968 0.03638186558702662 0.0370516855092896 0.03638186558701435 0.03628867731674017 0.0372283723131713 0.03705168550928401 0.03722837231317569 0.03992836994274166 
1068 0.03605379788218469 0.03607579537728698 0.03705582834688341 0.03607579537728386 0.03610589461278762 0.03724475846234241 0.03705582834687255 0.03724475846235178 0.03993107111083538 
1064 0.0363179981262978 0.0363470534707165 0.03685249421967442 0.03634705347071569 0.03610220085262873 0.03687368907192807 0.03685249421969433 0.03687368907192144 0.0399417723816014 
1060 0.03631478594341045 0.03656975971339631 0.03689724386407895 0.03656975971339158 0.03658865944506198 0.03730266023445179 0.0368972438640785 0.03730266023444089 0.03752141427117001 
1056 0.03664374262705295 0.03657000358809847 0.03693722898678293 0.03657000358808856 0.03658862057573425 0.03727701750330834 0.03693722898678524 0.03727701750330231 0.03752700071464338 
1052 0.03664718500094643 0.03677059216963799 0.03689259385209755 0.03677059216963866 0.03686330949380598 0.03724334090003172 0.03689259385209467 0.03724334090005289 0.03743768110472247 
1048 0.03682489991625576 0.03679188185250865 0.03709479841488153 0.03679188185251979 0.03673946012265261 0.0372058110134109 0.03709479841488679 0.03720581101339818 0.03743979212227406 
1044 0.03688355850618183 0.03684176292837108 0.03692171848577734 0.03684176292836987 0.03692973339813271 0.03671759433000518 0.03692171848578039 0.03671759433000191 0.03628219652088231 
1040 0.03727356620023606 0.0374330176342904 0.04212539262189195 0.037433017634292 0.03750252471911455 0.03749923270358029 0.0421253926219026 0.03749927772635994 0.03626575272846087 
1036 0.04169851123034612 0.04175436205153717 0.04212404454229818 0.04175436205152914 0.03751210568223023 0.03749811420308326 0.04212404454228039 0.03749811420308135 0.03627624400390767 
1032 0.04169659927610106 0.04175370400968616 0.0421445611360143 0.04175370400968916 0.04142069578492975 0.04177538832836021 0.04214456113598492 0.04177538832835107 0.03636248167411296 
1028 0.04149051591871205 0.04149929649985522 0.04211770544259683 0.04149929649984977 0.04133643968027148 0.04173199942162548 0.0421177054425988 0.04173199942160776 0.03636494293810168 
1024 0.04148441933372098 0.04163718907078832 0.04282287025002593 0.04163718907078859 0.04148479220197993 0.04227179082750376 0.04282287025003242 0.04227179082751342 0.03815802445152883 
1020 0.04147531592510793 0.04163709715260076 0.04282615400782872 0.04163709715260258 0.04143618468027298 0.04227938778156025 0.04282615400785038 0.04227938778158243 0.03845862253205289 
1016 0.04145090766179522 0.04163497580163981 0.04282372304809198 0.0416349758016409 0.04145743503393449 0.04228268893027973 0.04282372304808525 0.04228268893029736 0.03846030031658257 
1012 0.04250921425086036 0.0416416077402837 0.0428304669933318 0.0416416077402724 0.04143150786324726 0.04228609911418454 0.04283046699333786 0.04228609911419906 0.03845453480867508 
1008 0.04250983354968814 0.04251215773591609 0.04283164463456017 0.04251215773590875 0.04143228088826225 0.0422870505511468 0.04283164463456192 0.04228705055118635 0.03954135771329979 
1004 0.04250969248912292 0.04251338501986283 0.04283693276285805 0.04251338501987398 0.04251015732574287 0.0422829080818044 0.04283693276285804 0.04228290808186018 0.03956019077695435 
1000 0.04251748822226569 0.04249521574805555 0.04284060561948017 0.04249521574805607 0.04251202201730066 0.04226839473377345 0.04284060561948071 0.04226839473378061 0.03946560367475519 
996 0.04288013420448043 0.04316413522491101 0.04279074837709303 0.04316413522490214 0.0424462796998802 0.04221569329547468 0.04279074837709614 0.04221569329547699 0.03944867861766235 
992 0.04283844477986171 0.04312604941734638 0.04282058826745327 0.04312604941735026 0.04240714070367266 0.04232604066177192 0.0428205882674604 0.0423260406617629 0.0394262947229901 
988 0.0428370397220381 0.04312529267530159 0.04301535358902584 0.04312529267531164 0.04240717395499785 0.04333531412262474 0.04301535358904369 0.04333531412261156 0.03932565830014095 
984 0.04286691589181736 0.04315634774946573 0.04301156280103021 0.04315634774945822 0.04242758479378896 0.04332676054246417 0.04301156280104018 0.04332676054248514 0.04096667657566506 
980 0.04289247476825424 0.04329651191876216 0.04306416401141457 0.04329651191874202 0.04254505240511572 0.04333479350248999 0.04306416401141216 0.04333479350250443 0.04098982419729907 
976 0.04276599898886933 0.04293702635225874 0.04306095973968173 0.04293702635225784 0.04336751958296291 0.04333206156088412 0.04306095973967306 0.04333206156086304 0.04097773193282843 
972 0.04303450614764463 0.04322725560609219 0.0430620266309545 0.04322725560606502 0.04336061614462482 0.04333129674917426 0.04306202663095909 0.04333129674917324 0.04136371653999409 
968 0.04303673834268523 0.04317557633538248 0.04362427500228033 0.04317585983203785 0.04297538971783887 0.04333410187977391 0.04312523844190316 0.0433341018797847 0.04137068320996521 
964 0.04316238672126411 0.04317069614924314 0.04362251359781971 0.04317069614925191 0.04327569198778775 0.04332323055139845 0.04362251359782001 0.04332323055139985 0.04182966921162875 
960 0.04316738828673694 0.04349202518699429 0.04362563769825401 0.04349202518698372 0.04327848357379124 0.04337197565067583 0.04362563769823691 0.04337197565067 0.04221305721467333 
956 0.04313412601988469 0.04349148797257447 0.04362493612035195 0.04349148797256813 0.04307191691841122 0.04337051913419849 0.04362493612035383 0.04337051913419337 0.04221340027717928 
952 0.04320638678412093 0.04347208177688704 0.04361386950925684 0.04347208177688024 0.04277613546734819 0.04336726858402037 0.04361386950925172 0.04336726858402497 0.04220396136237115 
948 0.0430296377884384 0.0429204060801167 0.04322009081931775 0.04292040608008347 0.04276202890865272 0.04289771787977237 0.04322009081931231 0.04289771787975805 0.04222598649398684 
944 0.04283884610261716 0.04291334246668126 0.04319713181183666 0.04291334246667499 0.04261383100767178 0.04285866949812549 0.04319713181183199 0.04286040448212239 0.04115240484135995 
940 0.04285960335920715 0.04291988499728369 0.04273218067410396 0.04291988499729385 0.04211013143185495 0.04285103621909771 0.04273218067411164 0.042851036219104 0.04116319946092766 
936 0.04184362523279282 0.04190411034553218 0.04246195071235303 0.04190411034553428 0.04188980583642075 0.04237082280953689 0.0424619507123495 0.04237082280954459 0.04121861489788511 
932 0.04187902550616769 0.04197530774554763 0.04514171007793991 0.04197530774554363 0.04194870191425019 0.04492090772511548 0.04514171007793615 0.04492090772512375 0.04123800015887279 
928 0.04517109534326087 0.04509177146198064 0.04514294602095581 0.04509177146197732 0.04489900781110875 0.04491848613216062 0.04514276042354698 0.04491848613215983 0.04124144000165452 
924 0.04530801902765236 0.04523566241464373 0.04307258826291462 0.0452356624146464 0.04509093156398954 0.04220061320559491 0.04307258826290355 0.04220061320556415 0.04116311324444769 
920 0.04166042158278146 0.04178998794139139 0.04305462150302743 0.0417899879413873 0.04201370135314105 0.04218200904829922 0.04305462150301219 0.04218200904827343 0.04115877159885992 
916 0.04162789962412321 0.0416898031351866 0.04142931882540549 0.04168980313518014 0.04201029108942238 0.04163561299929941 0.04142931882542093 0.0416356129992962 0.04120151443201364 
912 0.04157420154187455 0.04217114687467891 0.0414335654347506 0.04217114687467224 0.0420229932500874 0.04126795535462989 0.04143356543475404 0.04126795535462821 0.038212515299996 
908 0.04165326640151043 0.04224555311749206 0.04143163616055071 0.04224555311747839 0.04203608227146243 0.0414291573828424 0.04143163616055978 0.04142915738283332 0.03821013903512482 
904 0.04111478868318214 0.04224248532854062 0.04143305744760496 0.04222404913771099 0.04203946757393275 0.04142657147652721 0.04143305744762073 0.04142657147652037 0.03820290275255267 
900 0.04139500591757326 0.04257285324323463 0.04167020255849396 0.04257285324321302 0.04198367749864305 0.04171224120298257 0.04167020255851358 0.04171224120300723 0.03868824003996808 
896 0.0417329431788798 0.04259987706659474 0.04278640605818022 0.04259987706657354 0.042004994977171 0.04273852538724461 0.04278640605817693 0.04273852538724281 0.03869777276707545 
892 0.04173249204503689 0.04264222009842531 0.04827364377651717 0.04264222009843945 0.04260667374839006 0.04793901887008505 0.04827364377649773 0.04793901887009184 0.03867908587710883 
888 0.04273661263743545 0.04265971674102455 0.04827759324717765 0.04265971674102383 0.04260552107458924 0.0477790672176734 0.04827759324716475 0.04777906721768022 0.03859444194387338 
884 0.04736744850912607 0.04745920395074167 0.04817194571399211 0.04745920395072613 0.0474162230617062 0.0477640433236312 0.04817194571399439 0.04776404332366017 0.03859757474669324 
880 0.0473655454956949 0.0475979484659128 0.04797055903717892 0.04747202372549145 0.04750993806139487 0.04753097992696285 0.04796883802072383 0.04753097992695417 0.03855587466568898 
876 0.04741505232140205 0.04758990603140616 0.04796610890974571 0.04758990603140616 0.04749067734064506 0.04752421652664007 0.04796610890974067 0.047524216526639 0.03839384583996278 
872 0.047819176028313 0.04759936035666304 0.04796722230120684 0.04759936035667586 0.04771884488564331 0.04751735651060992 0.04796722230120516 0.04751735651059583 0.03855198294079694 
868 0.04781899606964328 0.04785139963724847 0.0479250109374089 0.04785139963724986 0.04771789596997966 0.04745499450254871 0.04792501093740441 0.04745499450255288 0.04458406730582021 
864 0.04782013262460692 0.04785322241519412 0.04792007267103598 0.04785322241519663 0.04771090806048608 0.04746433388031376 0.04792007267103486 0.04746433388031382 0.0449694133853235 
860 0.04839264668629669 0.04846224099903906 0.04791783928209289 0.04846224099903511 0.04809498943066969 0.04746535703573932 0.04791783928209174 0.04746535703572397 0.04552694930783866 
856 0.04841107750736574 0.04845869783351315 0.04791851120465795 0.04845869783353226 0.04814060426561561 0.04746557801242474 0.04791851120467604 0.04746557801240872 0.0457611510252155 
852 0.04841087357472201 0.04847287552902488 0.04792009758661087 0.04847287552902935 0.04818514909631329 0.04746567366438648 0.0479200975866295 0.04746567366438992 0.04576150284253265 
848 0.04847349706680764 0.04852292282968288 0.04791320424315292 0.0485229228296833 0.04817336947800152 0.0474527320410323 0.04791320424315464 0.04745273204102846 0.04577152721943767 
844 0.04842875523776584 0.04951592988064391 0.04791277951853623 0.04951592988063876 0.04936879459562096 0.04745287402586495 0.04791277951854506 0.04745287402587689 0.04840006266197246 
840 0.04857309829797344 0.04970885401985946 0.0489088655920315 0.04970885401986778 0.04966790786594994 0.04919447422837813 0.04890886559202223 0.04919447422839443 0.04875233165274625 
836 0.04856977076953287 0.04970357471515118 0.04915427132699318 0.04970357471514975 0.04965983307854843 0.04919371154480604 0.04915427132698395 0.04919371154481293 0.04873596245337772 
832 0.04929999848986818 0.04894090661203572 0.04915081029724831 0.04894090661203506 0.04939846500112041 0.049838508634599 0.04955102423422008 0.04983850863461288 0.04874617435576215 
828 0.04930790676109061 0.04892180743885622 0.0495986054861897 0.04892180743885866 0.04939055047773963 0.04986340960132078 0.04959860548619362 0.04986340960132987 0.04877808569027478 
824 0.04934432610405665 0.04890904836879891 0.04960066674150899 0.04890904836880924 0.04937450026880991 0.04988210573802544 0.04960066674151199 0.04988210573802565 0.0488330634144647 
820 0.04934516781069962 0.04893082669820132 0.04974183178621464 0.04893082669820203 0.04945163853244578 0.04999920731831024 0.04974183178621119 0.04999920731831504 0.04870953581044902 
816 0.05017784327064487 0.0496179579024659 0.04968647283975991 0.04961795790246462 0.04943780384148669 0.04987726370940893 0.04968647283976447 0.04987726370940157 0.0487826668013354 
812 0.04974335453664538 0.0497254690463225 0.04977619012947985 0.0497303948032698 0.04923227983611932 0.04985881491664473 0.04977619012949005 0.04985881491666 0.04894267620885245 
808 0.04940665741146062 0.04931895072100295 0.04956657438102711 0.04931895072099846 0.04923958280816539 0.0491354051519363 0.04956657438101664 0.0491354051519268 0.04894539232150361 
804 0.049447863488182 0.04936156659736995 0.04962522024086683 0.04936156659736921 0.04922035172787084 0.04950653627284064 0.04962522024086498 0.04950653627282404 0.04905225363689002 
800 0.04868214476057962 0.04874721633764038 0.04912392556965295 0.04874721633763483 0.0484422781449839 0.04918720941159576 0.04912392556964203 0.04953646911384051 0.04906661073711225 
796 0.04843114275879117 0.0484048796993968 0.048654203044513 0.04840487969938111 0.04826670993653404 0.04883234105187964 0.0486542030445137 0.04883234105187324 0.04920054187125012 
792 0.04865607912473807 0.05085851562192018 0.04808478331316476 0.05085851562192891 0.05104557924507793 0.04832521353299889 0.04808478331315422 0.04832521353299089 0.04862617716712721 
788 0.05157796930359398 0.05164245119911148 0.0481134347059264 0.05164245119910879 0.05175692546295042 0.04824855479422471 0.04811343470592164 0.04824855479422336 0.04661107483200804 
784 0.05234507997825645 0.051639640982702 0.0475322361673166 0.05163964098271489 0.05175704874442176 0.04823608922456763 0.04753223616733002 0.04823608922456849 0.04747139031909076 
780 0.04805244349905769 0.04881621871494368 0.04743790227408995 0.04881621871494031 0.04866673576078209 0.04816071956080944 0.04743790227408953 0.04816071956081028 0.04761795941593212 
776 0.04796840799699613 0.04875190264818161 0.04728226043061862 0.04875190264818231 0.04838846786769559 0.04817891991138348 0.04728226043061689 0.04817891991139648 0.04762022011234888 
772 0.04686654577572495 0.04883255545435917 0.04782965928392897 0.04883255545435712 0.04836984683605703 0.04878511995855703 0.04782965928392943 0.04878511995856958 0.04762797595149519 
768 0.04687631391392044 0.04881126527244733 0.04782141820021963 0.04881126527245318 0.04841184673521967 0.04878444753634133 0.04782141820021897 0.04878444753636055 0.049534362058176 
764 0.04604683307431073 0.04778296356697144 0.04814446806672728 0.04778296356695633 0.04724817603689144 0.04879143388367239 0.04814446806673287 0.04879143388367795 0.04951950244277613 
760 0.04639921224089238 0.04806745230779384 0.04813632257110654 0.04806745230778821 0.0474496246252781 0.04879942873227718 0.04813632257110919 0.04879942873227586 0.04951728225743251 
756 0.04627219593949745 0.0479340970995086 0.05010639392480738 0.04793409709949673 0.04739058909723957 0.05009278400868841 0.05010639392480871 0.05009278400868961 0.04967547310136535 
752 0.04627388576536446 0.04794852791175258 0.05572419017237466 0.04794852791174858 0.04739282030384213 0.05568205429844818 0.05572419017237552 0.05568205429843594 0.05562747245924629 
748 0.04640659739165555 0.04795083210384266 0.05603464505405146 0.04795083210383389 0.04754134606695668 0.05600545986667183 0.05603464505405933 0.05600545986667097 0.0547515474435085 
744 0.04722631464721001 0.04900031135979589 0.05592556982589341 0.04900031135981145 0.04865540701193406 0.05577666393104974 0.05592556982590318 0.05577666393104 0.05583946551619041 
740 0.04719884233214662 0.04983398323043381 0.05595367545835801 0.04983586507312479 0.04953038259130164 0.05576701299063211 0.05595367545836621 0.05576701299063001 0.05506816449685558 
736 0.04766655653534769 0.04982085490746474 0.05579425971642703 0.04982085490743685 0.04953183538074529 0.05564642566792018 0.05579425971643848 0.05564642566791659 0.05531225718481338 
732 0.04767365682665978 0.04980814107482586 0.05633612372375494 0.04980814107480486 0.04950152962618484 0.05589893463265304 0.05633612372374884 0.05589893463266348 0.05528537281696563 
728 0.05232921544485179 0.05181166641096593 0.05637216362020678 0.05181166641096293 0.05101536274546447 0.0561345992244352 0.05637216362019989 0.05613459922443229 0.05766606547031492 
724 0.05402725668590681 0.05241511739532501 0.05638430939870228 0.05241511739530579 0.05212828500870727 0.05613473656998026 0.05638430939872179 0.05613473656999414 0.05780201329357023 
720 0.05405659033006254 0.05430008100691229 0.05638539179340771 0.05430008100690442 0.05375627155233904 0.05613475885803258 0.05638539179342768 0.05613475885804669 0.05784604491242076 
716 0.05409960873101496 0.05438517393525731 0.05638597610400487 0.05438517393524325 0.05377973583980822 0.05613392148402777 0.0563859761040235 0.05613392148401056 0.0578629532343911 
712 0.05617101224330575 0.05584070304234649 0.05637608139577491 0.05584070304235329 0.05555971546645178 0.05620907342486812 0.05637608139577061 0.05620907342484753 0.05813449709716557 
708 0.05617134202335377 0.05583918723349445 0.05789835942344567 0.0558391872334997 0.05554631193950742 0.05768563036554309 0.05789835942344105 0.05768563036553046 0.0582282108195825 
704 0.05618077962941147 0.05597735566708935 0.05851338272358456 0.05597735566710397 0.05552779120408783 0.0580765769388934 0.05851338272357168 0.05807657693887235 0.058215488377771 
700 0.05692004577431904 0.05646213890348958 0.05851960741763858 0.0564621389034784 0.0563466044392177 0.05808313991966114 0.05851960741762317 0.05808313991965451 0.058268629396401 
696 0.05685546726711213 0.05638476277960389 0.05852588680779404 0.05638476277961262 0.05628041960153497 0.05808266174838345 0.05852588680778788 0.05808266174838457 0.05826506516831823 
692 0.0567075520273114 0.05625121267549087 0.05814947761684738 0.05625121267548758 0.0562256582068339 0.05809442963551929 0.05814947761685583 0.0580944296355304 0.0584722331084495 
688 0.05651508217155564 0.05616746945596347 0.05856442222413036 0.05616746945595592 0.05610858230617958 0.05856939408773362 0.05856442222413373 0.05856939408773423 0.05840326010285777 
684 0.05650908170551792 0.05616561035670353 0.0581926737953368 0.05616561035670158 0.05629376346343463 0.05797641306751142 0.05819267379532885 0.05797641306750369 0.05843942542221343 
680 0.05787511968000923 0.05752688179811757 0.0581971223004305 0.05752688179811479 0.05744351345604354 0.05801001013616729 0.05819712230042346 0.05801001013617044 0.05726760787143546 
676 0.05786818676938369 0.05729334455685741 0.05826787190756273 0.05729334455685425 0.05744637395131841 0.05834803922568137 0.05826787190757047 0.05834803922567753 0.05735859765895387 
672 0.0575972104413456 0.05728426896978187 0.05814740531878683 0.05728426896978118 0.05713906203797495 0.05847201880489047 0.05814740531879217 0.05847201880489301 0.05894645472875324 
668 0.0578368695830592 0.05746657162078381 0.05717005147988295 0.05746657162076705 0.05716391996241628 0.05684279164764947 0.05717005147988895 0.05684279164763759 0.05808407029668108 
664 0.05785180103039402 0.05704369277509934 0.05949016316681399 0.05704369277509219 0.05751283517614974 0.05924509329462183 0.05949016316681249 0.05924509329462144 0.0579392152827007 
660 0.05627515312057647 0.05642520463973738 0.06014480002300113 0.05642520463974671 0.05637862161822242 0.05995561983393931 0.06014480002300222 0.05995561983393942 0.05815646433474755 
656 0.05548526886846198 0.05518739483223245 0.05765296512676155 0.05518739483223673 0.05636314836582428 0.05709733841474855 0.05765296512675471 0.05709733841476052 0.05795063952564183 
652 0.05396138966128842 0.05438922991712875 0.05832919109374167 0.0543892299171294 0.05428215428340386 0.05829218814250926 0.05832919109375215 0.05829218814252363 0.05798778377041845 
648 0.05391474749852243 0.05437055523655617 0.05828608281412245 0.05437055523655113 0.05425676084759318 0.05833798407055685 0.05828608281412539 0.05833798407055139 0.0588816140399915 
644 0.05548143427586263 0.05580402290249433 0.05829649597570941 0.05580402290250889 0.05577830166415309 0.0583484045001509 0.05829649597569495 0.05834840450015107 0.05864386572489184 
640 0.0554278391981271 0.05580322499198215 0.05795543242817067 0.0558032249919788 0.05576558799745875 0.05795843017771233 0.05795543242817076 0.05795843017771325 0.05851006018245285 
636 0.05850698551893389 0.0587723159369752 0.05794614627678349 0.05877231593698379 0.05869495769348871 0.05795137574729545 0.05794614627679619 0.05795137574728276 0.05852466724052179 
632 0.05893861244026626 0.05926723346910633 0.05861977642646895 0.05926782328282425 0.05869557176034342 0.05850887965226187 0.05861977642646941 0.05850887965225915 0.0570920160658031 
628 0.06672182869200283 0.06697237777876719 0.06546049052483201 0.06697237777877549 0.0666723947220246 0.06649449799361852 0.06546049052484015 0.0664944979936293 0.05707998140112683 
624 0.06590760853192125 0.06686210578229658 0.06548788131897175 0.06686210578228692 0.06683917815882111 0.06652815723019508 0.06548788131896989 0.06652815723020261 0.05714042563730149 
620 0.06615272558070646 0.06701334892812402 0.06551072162410045 0.0670133489281203 0.06684727901694984 0.06634715241324782 0.06551072162408722 0.06634715241325549 0.05699052713313157 
616 0.0657060521830088 0.06651404422123924 0.06551148415036573 0.06651404422124904 0.06610940035183174 0.06634297351446465 0.06551148415036498 0.06634297351446802 0.05684210529381091 
612 0.06569802551611931 0.06648830560375237 0.06554463094038283 0.06648830560374018 0.06609986369648234 0.06636625563790728 0.06554463094039184 0.06636625563790989 0.0585411221271788 
608 0.06568770476551761 0.06647695704617403 0.06732839783315517 0.06647695704617518 0.06608917838039043 0.06635627628759759 0.06732839783314325 0.06635693616296479 0.05887328951051799 
604 0.06579646354474294 0.06654414184280943 0.06748224539149522 0.06654414184280956 0.06624211942634922 0.06861831674394914 0.06748224539149317 0.06861831674394783 0.06211547972936771 
600 0.06570446476670339 0.06652987089195239 0.06709163321083261 0.06652987089195726 0.0657851915469977 0.06813640786800475 0.06709163321082361 0.06813640786800902 0.06210397749544082 
596 0.06570078833476223 0.06608802763047876 0.06716063510522782 0.06609750966328155 0.0657823187075922 0.06816760368291032 0.06716063510522045 0.06816760368290825 0.06287647255676822 
592 0.06720426689652247 0.06793872182931267 0.06741690571987773 0.0679387218293081 0.06796798575149253 0.06817965259090394 0.06741690571987613 0.06817965259090845 0.06279269041947914 
588 0.0671842265315009 0.06809824563692247 0.06744827992315441 0.06809824563693812 0.06815256834311202 0.06820260495611562 0.06744827992317322 0.06819518384734949 0.06278451723892897 
584 0.06723440027072021 0.06812054749531966 0.06762135997212379 0.06812054749533909 0.06820322173737542 0.06793077411469386 0.06762135997213363 0.0679307741146933 0.06203772277731359 
580 0.067251324470271 0.06792807547851366 0.07018195012977324 0.06792807547852206 0.0681113055752173 0.06950204441174695 0.07018195012977216 0.06950204441175255 0.06554333585500638 
576 0.069699139228361 0.06947452432037546 0.07018178354410848 0.069474524320375 0.07005279316767997 0.06952273658314174 0.07018178354410472 0.06952273658313732 0.06581286365091198 
572 0.07031039402059981 0.06992964405371682 0.07020316136950422 0.06992964405371141 0.07048617085227686 0.06953299902765386 0.07020316136950756 0.06953299902765284 0.06570076098778385 
568 0.07017733672592272 0.07114333899394686 0.07020299435983716 0.0711433389939389 0.07008769305422136 0.06954349633838321 0.07020299435983585 0.06954349633838798 0.06569833244801195 
564 0.07004090209274062 0.07109038595301045 0.06945977788687362 0.07109038595300834 0.06982689641645103 0.069897951013026 0.06945977788688103 0.06989795101301802 0.06576941420483787 
560 0.06975410649945565 0.07040655892806104 0.06946283198615129 0.07040655892806082 0.069837988723581 0.06893998116388383 0.06946283198614842 0.06893998116387495 0.06601314235773033 
556 0.068895186709483 0.0690898546741746 0.06863949020168987 0.0690898546741634 0.06846330686558344 0.06821901888388321 0.06863949020168249 0.06821901888387358 0.06556843993469262 
552 0.06881348655933654 0.06875315377092946 0.06745626937672326 0.06875315377094454 0.06762922052764647 0.06783699506030957 0.0680724454817629 0.06794721928174931 0.06553530267533252 
548 0.0687806280705518 0.0687197181856741 0.06752672521010655 0.06871971818566786 0.06776203710407035 0.06704681358487091 0.06752672521011201 0.06704681358486633 0.06349000091350948 
544 0.06895385557276644 0.0692739948023251 0.06890557935408351 0.06926692544071207 0.06864381048418867 0.07054590055268557 0.06890557935408152 0.0705459005526943 0.06340449411505499 
540 0.06933463319459245 0.07062303044820568 0.06880654447529391 0.07062303044820022 0.06981732801050014 0.07047908977382157 0.06880654447529341 0.07047908977382637 0.06342494414858785 
536 0.06750602424844102 0.0693121544277182 0.06884610520781749 0.06931215442769839 0.06989490360884995 0.07051158509692013 0.0688461052078314 0.07051158509691763 0.0631637995913879 
532 0.06694111148321021 0.0695432933573925 0.06886695229394114 0.06954329335737279 0.06955007601618245 0.07046136158024241 0.06886695229393502 0.07046136158021322 0.06084753106276805 
528 0.06661652064282948 0.06930779719240086 0.06886429224892131 0.06930779719239742 0.06944742821131195 0.0704593233728658 0.06886429224890889 0.0704593233728661 0.06089965672262293 
524 0.06661720950497112 0.0693388706307462 0.06617167510492004 0.06933887063075737 0.06946902345436375 0.06884908667617747 0.06617167510492288 0.0688490866761783 0.0608596659624167 
520 0.0685789845279854 0.06921784374610984 0.06893959804965326 0.06921784374611346 0.06969043650859677 0.06884463621802747 0.06893959804964631 0.06884463621802661 0.06064660563363948 
516 0.07943870947435483 0.0798186318272381 0.07927717229645856 0.07981863182723867 0.06944367319642525 0.07991256310308362 0.07927717229646758 0.07991256310309514 0.06059564059377913 
512 0.07854747081508387 0.0791444252466873 0.07931722333015885 0.07914442524668558 0.07884041103292577 0.0799504146224532 0.07931722333015427 0.07995041462245697 0.06066233992913362 
508 0.07825442371623219 0.07857211770953319 0.0792662495460203 0.07857211770953525 0.07838343229534764 0.07986507587831992 0.0792662495460338 0.07970807947146638 0.06033595628525599 
504 0.07823082637700886 0.07854457118154526 0.07891175162192825 0.078544571181555 0.07835654776492185 0.07985394214596581 0.07891175162193199 0.07985394214595812 0.0602187494035905 
500 0.07812034348209183 0.07847493010652384 0.07866471304176376 0.07847493010653304 0.0783475319251649 0.07972400823112709 0.0786647130417755 0.07972400823112279 0.06019937613351894 
496 0.07806467220380578 0.07850274895397691 0.07869975332559632 0.07850274895397688 0.07832590796862832 0.0797120248847152 0.0786997533255986 0.07971202488469779 0.06917927924189601 
492 0.07899593377141799 0.07941437943619144 0.07869157341919074 0.07941437943618926 0.07947317396869789 0.07971872683404256 0.07869157341919084 0.079718726834043 0.06998878465048422 
488 0.07904530503369658 0.07943468794132727 0.07868848976013344 0.07943468794132703 0.08058285985670109 0.07969423661734389 0.07868848976014496 0.07969423661732239 0.07982809259709384 
484 0.08013474317325503 0.08035686547789263 0.07944289870539181 0.08035686547790301 0.08055674941972543 0.07974409190199332 0.07944289870539156 0.07974409190198259 0.08008172214893428 
480 0.0799853392664462 0.08030506781304954 0.07947829728192428 0.08030506781304915 0.08059305571712765 0.07979604333851729 0.0794782972819271 0.0797960433385253 0.08026775289149073 
476 0.08024455375292623 0.08040796921035277 0.08322452004235961 0.08040796921037313 0.08057733500506216 0.08293167652403485 0.08322452004236022 0.08293167652403496 0.08151826176797207 
472 0.08323405430131064 0.08306197731941432 0.08305438530142338 0.0830619773194155 0.08332568286304659 0.08303631689279442 0.08305438530143204 0.08303631689281615 0.08388592513762232 
468 0.08336553990347277 0.08312531764290478 0.08404636852985507 0.08312531764290831 0.08340242849696961 0.08433819331214054 0.084046368529855 0.08433819331214973 0.08405063238708088 
464 0.08367816749636423 0.08319739194444864 0.08426080747422217 0.08319739194443956 0.08301836382058037 0.08469555599788478 0.08426080747422426 0.08469555599789293 0.08410116609568974 
460 0.08402305929315942 0.08375728168946103 0.08437293468379872 0.08375728168947073 0.08314305257116611 0.08431230042928557 0.08437293468380125 0.08431230042929576 0.08374761757650291 
456 0.08423365922278742 0.08389372201790367 0.08437939439735316 0.08391561759785428 0.08323480619774903 0.08405497811442073 0.08437939439735316 0.08405497811443392 0.08399478946456197 
452 0.08323440391772233 0.08326790102358882 0.08478366329239008 0.0832679010235766 0.0831713675326092 0.08420009080355699 0.08478366329240709 0.08420009080355197 0.08420899663722539 
448 0.08188202508513973 0.08172398448180139 0.08527379599799317 0.08172398448181876 0.08211086665054236 0.08514402297258158 0.08527379599799642 0.08514402297256517 0.08443693479299623 
444 0.08145886800135121 0.08132369475320467 0.08514668976345588 0.08132369475320557 0.08179125317622223 0.08512369829836236 0.0851466897634474 0.08512051980555836 0.08447464168504133 
440 0.08070022676460081 0.08011681743452452 0.0827053684612741 0.08011681743451214 0.08038583571827547 0.08353370480571605 0.08270536846127706 0.08353370480570801 0.08511010917105501 
436 0.08279855099167611 0.08488425210378735 0.08293939461056457 0.08488425210375143 0.0848018252543787 0.08392102278647834 0.08293939461055728 0.08392102278650078 0.08487902848396113 
432 0.08317733292889871 0.08474940380190761 0.08333694042779671 0.08474940380191923 0.0835312402210564 0.08390520854436113 0.08322097711240711 0.08390907711163592 0.07925742569938156 
428 0.08165076178454353 0.0839476366405064 0.08031349757847007 0.08394763664048416 0.08344970320841373 0.08045100022026352 0.08031349757846866 0.08045100022025414 0.08582410165744091 
424 0.07976828377900251 0.08047456632274314 0.08100709717627395 0.08047456632274695 0.08347644667943192 0.08078612054182903 0.08100709717626677 0.08078612054183139 0.08587556274497876 
420 0.0779759508585091 0.07946097309971446 0.08585275975148773 0.07946097309968868 0.07990637932656414 0.08090310081064109 0.0858527597514846 0.08090310081063649 0.08598168324879527 
416 0.0764967523079372 0.07836529987006707 0.08622560098535649 0.07836529987007275 0.07855905457315342 0.0861087932265488 0.08622560098535186 0.0861087932265517 0.09799822669325456 
412 0.07610979672659959 0.07795671770156846 0.08704761809522243 0.07795671770157793 0.07863021852115105 0.08680709308655835 0.08704761809521948 0.08680709308655937 0.1012571034289311 
408 0.07612060538466682 0.07794525427889366 0.1016366895042502 0.07794525427891635 0.07863877018554416 0.101103183171787 0.1016366895042577 0.1011031831717847 0.1005724856036818 
404 0.07599943838978979 0.07790049401394787 0.1005418118305908 0.07795283334909152 0.07876068683928372 0.100496975004617 0.1005418118305964 0.1004969750046098 0.1001167277171979 
400 0.08023555890451595 0.0803277485868736 0.1005104159037023 0.08032774858687872 0.08080526405676658 0.1004461599534784 0.1004421487495563 0.1005042444147965 0.09889532754042984 
396 0.08818483204810491 0.08874179435349523 0.100398038856822 0.08874179435351434 0.08755623248574536 0.1004540425497759 0.1003980388568073 0.100454042549778 0.09912179006349285 
392 0.08939695644811305 0.09011100035230384 0.1019297749590451 0.09011100035230001 0.08846489888652816 0.1019792335403725 0.1019297749590359 0.1019792335403771 0.09921560372572862 
388 0.100879347853575 0.1008484777307565 0.1019886594444724 0.10084847773076 0.1012208898039471 0.1023918206496565 0.1019886594444842 0.1023918206496549 0.1023781254573742 
384 0.1010237515585052 0.100886824846815 0.1031250819169108 0.1008868248468174 0.1012558444161006 0.1038948075780357 0.1031250819169138 0.1038948075780251 0.1055817856234235 
380 0.105080034304215 0.1046989532001818 0.106684967658502 0.1046989532001731 0.1012212393748332 0.1064448668767989 0.1066849676584859 0.1064448668767785 0.1058553647275689 
376 0.1052372946755962 0.1050011873594874 0.1069707729682731 0.105001187359484 0.1051989646365454 0.1069610071544637 0.1069707729682688 0.1069610071544803 0.1064371348650734 
372 0.1044142706827776 0.1055157420213068 0.1072852933194403 0.103791205313677 0.1042668236158764 0.1074035339481703 0.1072852933194645 0.1074035339481489 0.1076462621524286 
368 0.1047279546352139 0.1056364671272644 0.1073407996812257 0.1056364671272729 0.1048889798499924 0.1076723567917752 0.1073407996812403 0.107672356791784 0.1084035895684916 
364 0.1052065654333967 0.1053858275245322 0.1076541611752263 0.1053858275245393 0.1043049323393309 0.1078604082630324 0.1076541611752301 0.1078604082630493 0.1091896201958419 
360 0.1051266224023612 0.1053761577175674 0.1087920915040178 0.1053416450825269 0.1043828685033964 0.108611989395067 0.1087920915040025 0.1086119893950885 0.1092319648123334 
356 0.1085578649999671 0.1086027407573298 0.1092956771155236 0.1086027407573337 0.1085063265414007 0.1087888755639147 0.1092956771155205 0.1087888755639193 0.1096429786342886 
352 0.1086993632362133 0.1084875626851985 0.1092844423833886 0.1084875626851931 0.1084140697553011 0.1087463670954688 0.109284442383385 0.1087463670954733 0.1087534821311915 
348 0.1086258892506354 0.1079014069621766 0.1092163244114823 0.1079014069621924 0.1081395970910037 0.1087669941318585 0.1092163244114722 0.108766994131852 0.1001465840621211 
344 0.1082757727271751 0.1083429343876608 0.1043048115030604 0.1083429343876592 0.1090072658030256 0.1058774281460257 0.104304811503079 0.1058774281460464 0.1013661348656968 
340 0.1057089940369555 0.1056766496372925 0.1048100491835646 0.1056766496372985 0.1051416261902394 0.1063362208564884 0.104810049183538 0.1063362208564272 0.102591817801621 
336 0.1057300750181592 0.1030450349570456 0.1041150198987631 0.1030450349570355 0.1024539451013192 0.1043834133119748 0.1041150198987612 0.1043834133119617 0.1055638597353637 
332 0.1098809251648576 0.1098388967432636 0.1043655655193472 0.109838896743269 0.1095020150340539 0.104098229458104 0.1043655655193549 0.1040982294580927 0.1025706651230478 
328 0.110285971826843 0.1102523335205959 0.1093640475553046 0.110252333520587 0.109801403275867 0.1091655964312849 0.109364047555311 0.1091655964313013 0.1025681889404657 
324 0.1278515431785563 0.1282741407344548 0.1258249813612169 0.1282741407344681 0.1289843954866162 0.1255899577412942 0.1258249813612108 0.1255899577412765 0.1016371446477518 
320 0.1281379341932438 0.1282254657439016 0.1257127789118803 0.1282254657438987 0.1287938363438834 0.1256411488550973 0.125712778911885 0.1256411488551076 0.1017198797066926 
316 0.1277601555631719 0.1278644463605609 0.1257684768697007 0.127864446360557 0.1282571268954637 0.1255969428958955 0.1257684768697095 0.1255969428959079 0.1018377710442494 
312 0.1267423765121548 0.1270454917618386 0.1259433249504782 0.127045491761839 0.1268936177488117 0.1259178297951518 0.1259433249504898 0.1259178297951606 0.1017475455338159 
308 0.1273753846022331 0.1278148992589005 0.1259585639380342 0.1278148992589098 0.1274371194522013 0.1258994693007605 0.1259585639380478 0.12589946930075 0.1017199868226302 
304 0.127816060726432 0.1283739890000409 0.1295933198516775 0.1283739890000334 0.1280617656544238 0.128972316935311 0.12959331985168 0.128972316935316 0.1200984271749291 
300 0.1300087239718412 0.1294937520571796 0.1295967745994694 0.1294937520571857 0.1280642141297074 0.12921987150182 0.1295967745994733 0.129219871501801 0.120328844303823 
296 0.1308106121976091 0.130270207903441 0.1293960742897693 0.1302702079034286 0.1285284022512879 0.1291357002014555 0.129396074289762 0.1291357002014539 0.1220913369979734 
292 0.1311053074175537 0.1310669604549435 0.1294801717030459 0.1310669604549419 0.1306809301326541 0.1287566314266132 0.129480171703047 0.1287566314266144 0.1221334911635141 
288 0.1323106301707722 0.1329906258681862 0.1290831194769796 0.1329906258681877 0.132628731239874 0.1291523686380439 0.1290831194769984 0.1291523686380451 0.1244776178042842 
284 0.1335622479671707 0.1330158665295345 0.1334935430600946 0.1330158665295191 0.1332395218495576 0.134414918314567 0.1334935430600592 0.1344149183145932 0.125037149052878 
280 0.142503350990479 0.142547313725008 0.142299041390169 0.1425473137250085 0.1416754676429561 0.141606318858875 0.1422990413901611 0.141606318858866 0.1317237922746206 
276 0.1426037580456908 0.1427008182729989 0.1422902712439249 0.1427008182729829 0.1417163598987109 0.1416204654661862 0.1422902712439201 0.1416204654661815 0.1329035606855019 
272 0.1426305226961247 0.1427467191707597 0.1437249888426679 0.1427467191707757 0.1407390774985729 0.1429805661749255 0.1437249888426669 0.1429805661749264 0.1325403670323609 
268 0.1374296307887612 0.1388332654563957 0.1361263134749783 0.138833265456395 0.138374196060778 0.1366634926133184 0.1361263134749735 0.1366634926133268 0.130713610672051 
264 0.1372381927610095 0.1379135169401374 0.1353031654624761 0.1379135169401365 0.1388769784409594 0.1351626215924165 0.1353031654624789 0.1351626215924127 0.131132790670422 
260 0.136133896830807 0.1374800039505044 0.1353191489259434 0.1374800039505006 0.1383542803221692 0.1342340625497804 0.1353191489259349 0.1342340625497895 0.1312416016127404 
256 0.1354398790855705 0.1360120588638682 0.1370923319642052 0.1360120588638645 0.1350355201036127 0.1366859816835947 0.1370923319642004 0.136685981683595 0.131734892575234 
252 0.1345239342738001 0.1347424019793207 0.1357214827992701 0.1347424019793119 0.1333094337111852 0.1362702064259265 0.1357214827992591 0.1362702064259312 0.1311123943889501 
248 0.1364213763472911 0.1364715493706319 0.1358637660711343 0.1364715493706273 0.1377493358533882 0.1363529162473353 0.1358637660711129 0.1363529162473282 0.1232205639562031 
244 0.1599269056122828 0.160117559483274 0.1574999617628804 0.1601175594832703 0.1570133438760906 0.158392130125164 0.1574999617628851 0.1583921301251446 0.1232785227345334 
240 0.1600307803306292 0.1604358852627142 0.156287507053833 0.1604358852627079 0.1572717106630272 0.1566859598903295 0.1562875070538403 0.1566859598903654 0.1232488645007561 
236 0.1588999327640003 0.1591522156089412 0.1561132627046018 0.1591522156089502 0.1561526965633507 0.1569516860708041 0.1561132627045976 0.1569516860708094 0.1302971446956769 
232 0.1589010464125302 0.1591807024747671 0.1568914892775594 0.159180702474775 0.1563400528089583 0.158013193527388 0.1568914892775575 0.1580131935273796 0.1304942568599538 
228 0.1590384080977501 0.1592956974845712 0.1564196916130113 0.1592956974845829 0.155818008871398 0.1578641262838746 0.1564196916130054 0.1578641262838863 0.1790479992592687 
224 0.1585279749590246 0.1587329423452219 0.1846941424465458 0.1587329423452435 0.1583793840870271 0.1836634523008527 0.1846941424465453 0.183663452300868 0.178225430194526 
220 0.1584290151906999 0.1584656614991417 0.1853834776005508 0.1584656614991501 0.157862997338554 0.1844438449907512 0.185383477600536 0.1844438449907472 0.1849541260113561 
216 0.161201178327362 0.162435978240702 0.185941996292458 0.1624359782407089 0.1633341715996749 0.185551888520225 0.1859419962924569 0.185551888520213 0.1847899597273554 
212 0.166292792298647 0.1649915185560067 0.1858734421720868 0.1649915185559966 0.1657594050773653 0.1854942862056683 0.1858734421720529 0.1854942862056806 0.1914127241336471 
208 0.1846183977588494 0.1829610482711461 0.1865883659382347 0.1829610482711438 0.1825398845639395 0.1857176149596329 0.1865883659382352 0.1857176149596503 0.1924853894559781 
204 0.1856588286590161 0.1855684279739725 0.1948000739725574 0.1855684279739799 0.183897806811211 0.1942930957859077 0.1948000739725823 0.1942930957858896 0.1953146456948882 
200 0.1861207659059909 0.1871714619980608 0.1953459554925485 0.1871714619980853 0.1844978922348755 0.1991627872418645 0.1953459554925561 0.1991627872418567 0.2016246178481152 
196 0.1844580315273036 0.1848223661285946 0.1953769448612173 0.1848223661286112 0.1832004633447476 0.1991205589770112 0.1953769448612402 0.199120558976976 0.2018151411124396 
192 0.1910444465057345 0.1904985837248309 0.2005032450896951 0.190498583724836 0.1823533271142079 0.2001045516551513 0.200503245089683 0.2001045516551185 0.2025009288402415 
188 0.1902736695123015 0.1917151049267487 0.2019378780034772 0.1917151049267616 0.1886542258387635 0.2005930893193813 0.2019378780034696 0.2005930893193786 0.2021162546546916 
184 0.1899218727764071 0.1914422213151964 0.2008260249263623 0.1914422213151713 0.18804741859896 0.2003341343180271 0.200826024926377 0.2003341343180461 0.2030940595972648 
180 0.189755885775542 0.190242333556738 0.19576919838992 0.190242333556724 0.1874845383692693 0.1954163587638511 0.1957691983899044 0.1954163587638552 0.1930329247626256 
176 0.1882259837459682 0.1883659811465584 0.1955754161518819 0.1883659811465559 0.1869657607565283 0.1966502273775929 0.1955754161518796 0.1966502273775818 0.2190979716700767 
172 0.18682051818256 0.1869686244649912 0.2390040278827387 0.1869686244650081 0.1865776091495996 0.2375654944824719 0.2390040278827129 0.2375654944824834 0.2360063359999048 
168 0.1895626527237793 0.1893083738720245 0.2389146618015143 0.1893083738720248 0.1845309118442828 0.234710081606044 0.2389146618015 0.2347100816060448 0.2362084121687148 
164 0.1918045080901519 0.1918652198060938 0.2341777953107153 0.1918652198060771 0.1912150036434541 0.2344191547522375 0.2341777953107616 0.2344191547522514 0.2373038597269217 
160 0.2691502651164385 0.2674104397242497 0.2655907153903842 0.267757312457999 0.191107326514738 0.268824970727964 0.2655907153903833 0.2688249707279661 0.2374041497767389 
156 0.2691469720044601 0.2674936532967792 0.2665536760306131 0.2674936532967639 0.2662497541035981 0.2680633255088367 0.2665536760306352 0.2680633255088387 0.2395230900652323 
152 0.2690368253334022 0.2676900276828682 0.2684728753403429 0.2676900276828695 0.266562300085098 0.2718157121627209 0.2684728753403588 0.2718157121627344 0.2699149451132735 
148 0.2716034549965821 0.2696991116740144 0.2713942060683337 0.2696991116740203 0.2693830671218109 0.2678106481375009 0.2713942060683379 0.2678106481375179 0.2716657512089801 
144 0.2733509518503411 0.2714142317382747 0.2694297623745508 0.2714142317382846 0.2680611665060688 0.2699742572455708 0.2694297623745239 0.2699742572455924 0.2765848439465394 
140 0.2699945997736498 0.2702223378008816 0.2745341916633657 0.2702223378009189 0.2685665721574029 0.2752041547910609 0.2745341916633842 0.2752041547910669 0.2374669321552979 
136 0.2929790708767236 0.2926237563062274 0.2945775651836398 0.2926237563062097 0.29140913890724 0.2948624230585112 0.2945775651836173 0.2948624230585117 0.2397734691665233 
132 0.2931824821696248 0.2926151094095907 0.2934048251480692 0.2926151094095699 0.292067181628156 0.2946445888407503 0.2934048251480788 0.2946445888407453 0.2465177458705866 
128 0.2920050402834673 0.2920490243285997 0.2880834665029742 0.2920490243285945 0.2916202008436071 0.2935397649779468 0.2880834665029629 0.2935397649779306 0.2509768096039061 
124 0.25718485345078 0.2577540551055801 0.2639111436104359 0.257754055105523 0.25832338901607 0.260258488785243 0.2639111436104508 0.2602584887852534 0.2677873414482926 
120 0.3239232109703008 0.330058382112724 0.3389509175640942 0.330058382112755 0.2595851759935668 0.2604847959297805 0.3389509175640979 0.2604847959298024 0.2586754718434801 
116 0.3223137526824653 0.3286081964721263 0.3327012017568007 0.3286081964721346 0.3244736708179133 0.3342675717257059 0.3327012017567887 0.3342675717257045 0.2785045365667501 
112 0.3353723640562107 0.3351807703435029 0.3369513110504059 0.3351807703435468 0.3382652983189826 0.3386591614051968 0.3369513110503959 0.3386591614051931 0.2803070873605057 
108 0.3350706266253414 0.3381653975816458 0.3367472521327964 0.3381653975816309 0.3390878394321669 0.3381546031174428 0.3367472521327862 0.3381546031174248 0.2824316437487716 
104 0.3425358664088967 0.3491290737751592 0.3490484579000636 0.3491290737751389 0.3400066321958883 0.3447927860775328 0.3490484579000447 0.344792786077517 0.2949696850431353 
100 0.3453261367108175 0.350125385198633 0.3501494923302567 0.350125385198623 0.3428603699412567 0.3463838544985714 0.3501494923302885 0.3463838544985732 0.2918749174682977 
96 0.3492247506741699 0.3520663604495537 0.3744962401797661 0.3520663604495468 0.3483657511344604 0.3758955762027699 0.3744962401797621 0.3758955762027873 0.2836384837470585 
92 0.3464087497594349 0.3758343931116122 0.3984386385610769 0.3758343931115696 0.3757082557709668 0.4000929698430973 0.3984386385610735 0.4000929698431537 0.3706932125424065 
88 0.3567711325336501 0.3581288308133229 0.3985577334040964 0.3581288308133505 0.3578444302975652 0.3997235298572337 0.398557733404105 0.3997235298572464 0.3967045457326158 
84 0.4010794217393636 0.4025099391127851 0.4059723609332239 0.4025099391128025 0.358132395494016 0.4062093138428463 0.4059723609332641 0.4062093138428182 0.4236388228744154 
80 0.4067567747596879 0.4076234892998335 0.4043346364990609 0.4076234892998834 0.4061828047006494 0.4062306415276913 0.4043346364990555 0.4062306415276994 0.4292361209165874 
76 0.4031946432186913 0.4034399498082917 0.427118437114054 0.4034399498082477 0.4049102223290593 0.4254853443994739 0.4271184371141037 0.4254853443994751 0.4225812197560463 
72 0.4011028108643004 0.4004814265163241 0.427248546871409 0.4004814265163523 0.3982628779860181 0.4282681042945719 0.4272485468714392 0.4282681042946085 0.4312358792320547 
68 0.4137918304333131 0.4140707789794293 0.4114992081369433 0.4140707789794479 0.4155496415553194 0.4125266273867967 0.4114992081369391 0.4125266273868015 0.3868249466866859 
64 0.4097885604123248 0.4108377443900044 0.4098126636214381 0.4108377443899944 0.4113319411258514 0.4107302814644405 0.4098126636214445 0.4107302814644408 0.4979144536050585 
60 0.3881421990392785 0.3890162257786468 0.5765063030391636 0.3890162257786532 0.3891866842824144 0.5768760616698493 0.5765063030391664 0.5768760616698454 0.5842910195459611 
56 0.3896565568429966 0.38968296788792 0.6203614963263693 0.3896829678879229 0.4063981539415434 0.6205083652964404 0.6203614963263723 0.6205083652964382 0.6078707713909732 
52 0.6200088661870631 0.6187548938752712 0.6312293097491899 0.6187548938752834 0.6194769348692427 0.6311952084373308 0.6312293097491936 0.6311952084373276 0.6082767526083257 
48 0.6333046600100476 0.632850457477509 0.6677099819589407 0.6328504574775199 0.6336627391544054 0.6679046977822996 0.6677099819589428 0.6679046977822772 0.6382648664090603 
44 0.6623796875235763 0.6636014865082672 0.6306339556296153 0.6636014865082558 0.6393319071183525 0.6301469791100208 0.6306339556296153 0.630146979110028 0.5758832040339116 
40 0.6320667759270282 0.6339914605642454 0.6297273565898012 0.6339914605642694 0.633920653989963 0.6292180814454303 0.6297273565897966 0.629218081445452 0.5763938528193053 
36 0.5846806720269919 0.6321584228245218 0.690361420223132 0.6321584228245133 0.6291341458910732 0.6885483657639582 0.69036142022313 0.6885483657639334 0.581910692446989 
32 0.8065637691608526 0.8102664574826973 0.7719576524391244 0.8102664574827032 0.8056565193839538 0.669021510883518 0.7719576524391222 0.6690215108835139 0.7397311015008853 
28 0.7920647076568764 0.7931336191106635 0.7795039167188592 0.7931336191106624 0.7919811518134516 0.7801862226106647 0.7795039167188597 0.7801862226106711 0.8156740698120822 
24 0.7941079523227099 0.7975284117060996 0.8051119246693366 0.7975284117060726 0.7204645261142276 0.8063017690868368 0.8051119246693328 0.8063017690868358 1.043029045584889 
20 0.7497882936614452 0.7459480064966841 0.9753933554395378 0.7459480064966437 0.7447416052541734 0.9760772068486168 0.9753933554395419 0.9760772068486087 0.939148457124807 
16 0.7653072432667043 0.7650211049293922 0.7914012891596818 0.9195579083768908 0.9210866907383232 0.7911546967892252 0.7914012891596762 0.7911546967892206 0.7714286088768411 
12 0.7527447892966804 0.7532617915892613 0.8131521508502978 0.7532617915892594 0.7533395995254359 0.7640901702690379 0.8131521508502986 0.7640901702690397 0.8194806585843871 
8 0.8349781475785253 0.8351141979031422 0.8350695510060767 0.8351141979031421 0.8352876378571248 0.8340705885566422 0.8350695510060799 0.8340705885566426 0.7186550478410996 
4 0.7475385561847457 0.777513247601555 0.7350862876224248 0.777513247601555 0.7776426954145124 0.734807686987581 0.7350862876224248 0.734807686987581 0.7072543793906869 
