1200 0.06268012968444894 0.06267021429767446 0.06171074092097929 0.06267021429767365 0.06270807723028549 0.06164367767300737 0.06171074092097902 0.06164367767300853 0.06162974616401314 
1196 0.06275347891737114 0.06274602730789464 0.06248687125416342 0.06274602730789486 0.06279334312306971 0.06249968951645728 0.06248687125416366 0.06249968951645896 0.06179114854682888 
1192 0.06281169411565415 0.06282033801197635 0.06264160747622756 0.06280776602450339 0.06285552156995135 0.06345682669060021 0.06264160747622766 0.06345682669060254 0.06250053455660601 
1188 0.06290755888157919 0.06290455165624501 0.0642161176491209 0.06290455165624538 0.06294887296652392 0.06423048469419099 0.06421611764912194 0.0642304846941909 0.06423782385160837 
1184 0.06314474462370005 0.06313872179629204 0.06436876671830634 0.06313872179629193 0.06317787581540797 0.06438057950020326 0.06436876671830823 0.06438057950020436 0.06571160166981818 
1180 0.06328924636475969 0.0632497373826735 0.06443152648825309 0.06324973738267432 0.0632849783727792 0.06444321510701015 0.06443152648825325 0.06444321510701129 0.06575338535062017 
1176 0.06335602448439914 0.06335220288665515 0.06456306607526865 0.0633522028866543 0.06339027139073404 0.06457521277411572 0.06456306607526809 0.06457521277411729 0.06579747094746033 
1172 0.06390120656029391 0.06376924892781935 0.06486419716163289 0.0637692489278182 0.06380082685887634 0.06460856283625026 0.064864197161633 0.06460856283625065 0.06586726590318626 
1168 0.06413688588202694 0.06411519813005399 0.06493472375425825 0.0641151981300548 0.06414855999781711 0.06494573207423424 0.06493472375425759 0.06494573207423393 0.06599883348208394 
1164 0.06426063618021072 0.06429544835889098 0.06498579283946235 0.06429544835889084 0.06433064143449871 0.06499753972354499 0.06498579283946242 0.06499753972354531 0.0660459314470227 
1160 0.06493954670832121 0.06487855666464336 0.06534977803055066 0.06487855666464336 0.06490293571820006 0.06534904861686451 0.06534977803055177 0.06534904861686451 0.06620962172249704 
1156 0.06506319474198761 0.06498327390536365 0.06551802421301517 0.06498327390536444 0.06497105466583297 0.06551952037007612 0.0655180242130137 0.0655195203700762 0.06629019324970592 
1152 0.06542151341607273 0.06507972905827167 0.0658849416795271 0.06507972905827232 0.06510219349606011 0.06586916970188236 0.06588494167952637 0.06586916970188272 0.06636320405189636 
1148 0.06578253449536277 0.06573975657732976 0.06614450551269152 0.06573975657732868 0.06574661358816844 0.06612718093631396 0.06614450551268979 0.06612718093631449 0.06673277103023953 
1144 0.06594606953578361 0.0660344208044512 0.0663477026243771 0.06603442080444991 0.06601599158255221 0.06632312647676609 0.06634770262437809 0.06632312647676732 0.06684886390616786 
1140 0.06640119114653309 0.06622183004382402 0.06645798573808991 0.06622183004382436 0.06638034239585183 0.06646490685136723 0.06645798573808868 0.06646490685136699 0.06706981149681703 
1136 0.06663767172532081 0.06658484818828526 0.06689083705647569 0.06658484818828533 0.06659780918684549 0.06681059924466412 0.06689083705647528 0.0668105992446647 0.06740710951160096 
1132 0.06675031563136945 0.06669567863018541 0.06731806047284632 0.06669875276014386 0.06670908197539505 0.06730562183179128 0.06731806047284539 0.06730562183179362 0.06750030019415303 
1128 0.06698575141693298 0.06693310712025057 0.06753368503340709 0.06693310712025048 0.06694932376470319 0.06752513152075315 0.06753368503340747 0.06752513152075536 0.06774218597582041 
1124 0.06723260707696226 0.06718006135039625 0.06778862755185408 0.06718006135039656 0.06720769999176107 0.06775266430899399 0.06778862755185405 0.06775266430899393 0.06807721122531554 
1120 0.06756975857287502 0.0676038826026464 0.0680327400145484 0.06760388260264574 0.06760678955374153 0.06804791733387093 0.06803274001454911 0.06804791733387104 0.06841354469680026 
1116 0.06800968902901815 0.06799773549168252 0.06849117427204235 0.06799773549168218 0.06810379015261603 0.06833691298245669 0.06849117427204304 0.068336912982457 0.06874770236715852 
1112 0.06828202863422697 0.06822676571219778 0.06867767697740677 0.06822676571219778 0.0682911944030154 0.06868424177852944 0.06867767697740695 0.06868424177853118 0.06904625143186985 
1108 0.06853374785073016 0.06847537653691023 0.06900624080185483 0.06847537653691041 0.06859046568706967 0.06901116916821694 0.0690062408018545 0.06900380465016388 0.06934180441751157 
1104 0.06886290633992014 0.06880415485513675 0.0692867466154715 0.06880415485513763 0.06886303516075748 0.06929126661034052 0.06928674661546938 0.06929126661034256 0.06955022987299636 
1100 0.06920183280103751 0.0691508939572507 0.0694953944965697 0.06915089395725121 0.06920086969898262 0.06948926255151427 0.06949539449656826 0.06949185746558022 0.06985519350921619 
1096 0.06949259504277477 0.06943443025205871 0.06978980266350349 0.06943443025205802 0.06948936754645973 0.06969497876290294 0.06973963473305109 0.06969497876290413 0.07006886178136074 
1092 0.06979505771008132 0.06975304831485844 0.07005096230266761 0.06975304831485726 0.06980809370761305 0.07003848644095721 0.07005096230266614 0.07003848644095825 0.07037801706035722 
1088 0.07028989423520629 0.07025610684004817 0.07053017776016239 0.07025610684004699 0.07030146704776792 0.07053741457960687 0.07053017776016034 0.07053741457960944 0.07054096606802769 
1084 0.07043173845145771 0.07045694021046647 0.07083709900249396 0.07045694021046452 0.07050422328818437 0.0708409499408495 0.07083709900249219 0.07084094994085162 0.07076473111303379 
1080 0.07079867545212701 0.07071864893777595 0.07123392528424352 0.07071864893777603 0.07083085400146658 0.07123664998069081 0.0712339252842419 0.07123664998068974 0.07088351067044527 
1076 0.07102502069622448 0.07096413563463172 0.07145628062564469 0.07096413563463075 0.07098051235443233 0.07145791500808811 0.07145628062564341 0.07145791500808797 0.07115402001766649 
1072 0.07128295662059596 0.07124246424084646 0.07250254675173071 0.0712424642408467 0.07127321887625483 0.07250621020839784 0.07250254675172933 0.07250621020839981 0.07218615421732806 
1068 0.07139274550945537 0.07139727809627572 0.07280055687770727 0.07139727809627545 0.07147285059709822 0.07278173661114334 0.07280055687770669 0.07278173661114566 0.07249876057335221 
1064 0.07157017296325466 0.07170026764675445 0.07301265928073963 0.07170026764675361 0.07187459378353481 0.07300889490398203 0.07301265928073826 0.07300889490398441 0.07280448586790252 
1060 0.07207885799379159 0.0720520844998887 0.07313619072564514 0.07205208449988786 0.07206044071063175 0.07313584182827916 0.07313619072564413 0.07313584182828008 0.07386157568511249 
1056 0.07230675120338763 0.07217335652491069 0.07335093472861393 0.07217335652490908 0.07220325886845523 0.07336562846408243 0.07335093472861386 0.07336562846408336 0.07425695938587122 
1052 0.07246771656713367 0.07244298186332147 0.07358143003056965 0.07244298186332261 0.07245548484359207 0.07359845904455051 0.07358143003057052 0.07359845904454977 0.07485904597300282 
1048 0.07266227012043019 0.072633505393011 0.07368028274560984 0.07263350539301321 0.07264494695122897 0.07369705959930106 0.07368028274561111 0.07369705959930323 0.07500328139327715 
1044 0.07277175329538199 0.07274951852362421 0.07381873058767764 0.07274951852362423 0.07276218736201438 0.07383898880684446 0.07381873058767766 0.0738389888068435 0.07514781118409439 
1040 0.07346491971328781 0.07344247418052673 0.07492764404802071 0.07344247418052645 0.07344742434935994 0.07428829356081179 0.07492764404802063 0.07426120658996958 0.07528689148644448 
1036 0.07499886870049682 0.07428321180522597 0.07507181099736719 0.07428321180522572 0.07358259157053619 0.07443312312629216 0.07507181099736679 0.07443312312629168 0.0754230740022368 
1032 0.07512215118247684 0.07510666328281304 0.07526513660334622 0.07510666328281324 0.075110536222248 0.07528267197177306 0.0752651366033459 0.07528267197177267 0.07548029867534448 
1028 0.07518159865462692 0.07524408309751279 0.07541087453220542 0.07524408309751157 0.0752456800717545 0.07543085503780064 0.07541087453220489 0.07543085503780073 0.07554050142869899 
1024 0.07539661320812427 0.07539140046428258 0.07548916951458695 0.07539140046428064 0.07538970335031012 0.075510409378665 0.0754891695145848 0.0755104093786661 0.07571179138048906 
1020 0.07554902672479617 0.07554788649886945 0.07579173916087335 0.07554788649886907 0.07554707660251579 0.07581486866580023 0.07579173916087217 0.07581486866580113 0.07588100717139402 
1016 0.0756094067413443 0.07581246558708048 0.0759102320072621 0.07581246558708064 0.07580909758491372 0.07593579420749959 0.0759102320072611 0.07593579420750038 0.07592955957676467 
1012 0.07609455253224283 0.07609582764678223 0.0760160399826728 0.0760958276467817 0.0760990954747713 0.07604141168373736 0.07601603998267105 0.07604141168373786 0.07597616613218676 
1008 0.07621992911209295 0.07622803119908245 0.07615988155916532 0.07622803119908299 0.07622649443242453 0.07618459669569727 0.07615988155916367 0.07618459669569809 0.07649293650814777 
1004 0.07666800042916046 0.0766706541536205 0.0762983146676052 0.07667065415362148 0.07666413616984252 0.07666173387974953 0.07629831466760524 0.07666173387975021 0.07701637626656431 
1000 0.07704683872407052 0.07737751067946516 0.07670622270255532 0.07737751067946559 0.07737188591415943 0.07672785633927415 0.07670622270255505 0.07672785633927567 0.07717235543903751 
996 0.07754094123485322 0.0775429074713449 0.07709439998517961 0.07754290747134435 0.07780808621450648 0.07711214706143951 0.07709439998517782 0.0771121470614384 0.07733441502112877 
992 0.07793923315471211 0.07797673516194913 0.07746031317669143 0.07797673516194953 0.07796514855324142 0.07748112288053777 0.07746031317668965 0.07748112288053741 0.07746012746716675 
988 0.07802429601480113 0.0780280604433867 0.07785514346354357 0.07802806044338625 0.0780149934810226 0.07787776232444699 0.0778551434635404 0.07787776232444742 0.07765615235822321 
984 0.07812234483758304 0.07812600374660528 0.0780881299245236 0.07812600374660492 0.07811065485151106 0.07810766892796872 0.07808812992452134 0.07810766892796715 0.07813176499731592 
980 0.07832107374074943 0.07844755073106319 0.07853743963562163 0.07844755073106296 0.07840769334790031 0.07854638733865879 0.07853743963561989 0.07854638733865997 0.07847882784089796 
976 0.07880066828768065 0.0786665949311806 0.07878563011004351 0.07866659493118007 0.0786259921615684 0.07879831655686695 0.07878563011004192 0.07879831655686692 0.0787552641531738 
972 0.07918532492547821 0.07921430424391324 0.07908118425616265 0.0792143042439126 0.07916774644251516 0.07909500921395718 0.07908118425616255 0.07909500921395736 0.07904772889512014 
968 0.07942629088305271 0.07945159085310338 0.07935203771169601 0.07948037209907079 0.07940761977578602 0.07926078375539909 0.07925531403837707 0.07926078375539934 0.07933527971688754 
964 0.07968949453328719 0.07971119810039412 0.07958214718804854 0.07971119810039357 0.07966661032973232 0.0794479400759969 0.07958214718804825 0.07944794007599759 0.079617872805265 
960 0.08013302781775736 0.08028112239505243 0.07969835051908715 0.0802811223950519 0.08021610001176573 0.07971226389473315 0.0796983505190851 0.079712263894733 0.07990815707359929 
956 0.08058772834879527 0.08060286183769415 0.08019240413021082 0.08060286183769434 0.08054143527757475 0.08020498906079433 0.0801924041302097 0.08020498906079448 0.08022768031134216 
952 0.08077291590364563 0.08080749875510539 0.08084355877755639 0.08080749875510576 0.0807472362106753 0.08085043423061854 0.08084355877755485 0.08085043423061974 0.08055264078181909 
948 0.08113731208012903 0.0811713264972877 0.08128489989464611 0.08117132649728852 0.08111067708182132 0.08129087000601545 0.08128489989464535 0.08129087000601605 0.08105470384526554 
944 0.08145727539294968 0.08154871221999627 0.0815307410928611 0.08154871221999525 0.08148731599128099 0.08148575456655323 0.0815307410928589 0.08148893078133454 0.08155087750147753 
940 0.0817269896984989 0.0817965787386544 0.08168694737622563 0.08179657873865386 0.08175146205503216 0.08169511406398508 0.0816869473762241 0.08169511406398498 0.08186805978717734 
936 0.08199879760538482 0.08202326397942838 0.08214120690071089 0.08202326397942686 0.08192967530039287 0.08214091490454824 0.08214120690071057 0.08214091490455058 0.08220644978848345 
932 0.08225840608366451 0.08227477926937324 0.08245250818233552 0.08227477926937161 0.08222423945153685 0.08245473062617489 0.08245250818233474 0.08245473062617611 0.08243495207366575 
928 0.08275768751204837 0.08278541057969757 0.08308755913597385 0.08278541057969573 0.08274572792889684 0.08307765331347379 0.08314685330063254 0.08307765331347439 0.08265795387116358 
924 0.08297443932071949 0.08299921401858311 0.08381366884809367 0.08299921401858285 0.08296391859243991 0.08380165580013349 0.08381366884809156 0.08380165580013552 0.08290221396797046 
920 0.08431350588224996 0.08432923592939197 0.08413654945670457 0.08432923592938936 0.08429499371428972 0.0841312999207426 0.08413654945670394 0.08413129992074414 0.08321900861091668 
916 0.08444870722483003 0.0844462371118064 0.08433107649556766 0.08444623711180711 0.08439252671545602 0.0843355026139322 0.08433107649556609 0.08433550261393424 0.08350681161447716 
912 0.0846265459532156 0.08463842097042076 0.08462367134083311 0.0846384209704206 0.08461108677115195 0.08462458466767535 0.08462367134083264 0.08462458466767582 0.08370946786891993 
908 0.08491418108148538 0.08492282237460347 0.08479694455184537 0.08492282237460368 0.08490433835851523 0.08479812938556518 0.0847969445518432 0.08479812938556507 0.08408612153719751 
904 0.08536976008163559 0.08530932479176613 0.0849565183814316 0.08541940066271807 0.08532384755926499 0.08494919258143505 0.08495651838143035 0.08494919258143555 0.08471013170213113 
900 0.08568358889567125 0.08569486887905783 0.08507969835152668 0.0856948688790581 0.08567916637142479 0.08506833904397443 0.08507969835152682 0.08506833904397522 0.08488986362584422 
896 0.08581790441378853 0.08583092333758563 0.0855567047324145 0.0858309233375875 0.08582575863169423 0.08554001628026389 0.08555670473241304 0.08554001628026642 0.08506383003923464 
892 0.08596604821736802 0.08625654738406376 0.08651334233703073 0.08625654738406464 0.08651177883378355 0.08649744095963442 0.08651334233703049 0.08649744095963512 0.08515349733879514 
888 0.08665621531456419 0.08667083055921997 0.08673201836107457 0.0866708305592206 0.08666134962616057 0.08673296981162658 0.08673201836107541 0.08673296981162781 0.08527873758186497 
884 0.08837516156778688 0.08838702988861434 0.08686736413004201 0.08838702988861553 0.08838067803780843 0.08684045705115938 0.08686736413004181 0.08684045705115959 0.08536755660375275 
880 0.08848195721236954 0.08848592554082453 0.08702487657558122 0.08848419694400894 0.08847687296547427 0.08701602957605811 0.08703057675151037 0.08701602957605972 0.0854835666768777 
876 0.08859353527783721 0.088600168168934 0.08720031515923332 0.08860016816893421 0.08860182611297428 0.08719658934572858 0.08720031515923297 0.08719658934572962 0.08608151912252621 
872 0.08876255652230504 0.08876998260874853 0.08748353550225599 0.08876998260874863 0.08876325041915514 0.08747496171706985 0.08748353550225696 0.08747496171707098 0.08668615939882843 
868 0.08884139920609295 0.08884519158574675 0.08775395205088149 0.08884519158574676 0.08883608657346029 0.08774040362416842 0.08775395205088163 0.08774040362416884 0.0875944505341332 
864 0.0889936975130374 0.08899901445823219 0.0879265469980433 0.08899901445823287 0.08898508520127472 0.08791568578625544 0.08792654699804156 0.08791568578625657 0.08851033052276225 
860 0.08911758273656947 0.08912420689807952 0.08808795658215353 0.08912420689807873 0.08911060879455109 0.08834827490941623 0.08808795658215299 0.08834827490941653 0.08860589223795365 
856 0.08955785434031785 0.08955708794561647 0.08900863925992122 0.08955708794561741 0.08937999189780549 0.08899623827337755 0.08900863925992129 0.08899623827337669 0.08955153588715024 
852 0.0897013227492558 0.08963055653485812 0.08912434812044266 0.08963055653485914 0.08962631207145171 0.08911757262692516 0.08912434812044137 0.08911757262692691 0.08961695930271937 
848 0.08988710403779318 0.08986418507183276 0.08972118581426278 0.08986418507183318 0.0898606559840042 0.08971644687951853 0.08972118581426246 0.08971644687952025 0.09060202324916192 
844 0.09016453230397732 0.09017188729899361 0.09021274306763941 0.09017188729899361 0.09026476679292657 0.09020361866159436 0.09021274306763959 0.09020361866159458 0.09084630147530459 
840 0.09038062894730493 0.09038770601309157 0.09074484399351349 0.09038770601309236 0.09037311017552989 0.09073716405823398 0.09074484399351447 0.09073716405823565 0.09108966495354172 
836 0.09092308462548339 0.09093528926948855 0.09104306345705944 0.09093528926948907 0.09098167433831178 0.09103288472200237 0.09104306345706155 0.09103288472200262 0.09126254970403966 
832 0.09126777356244546 0.09139885195068316 0.09136142960245811 0.09139885195068075 0.09140338847597076 0.0912963127799693 0.09142040870757573 0.0912963127799702 0.09138232570474554 
828 0.0917367223446455 0.09175488311444523 0.09168457042278201 0.09175488311444542 0.09177170322504002 0.09168192807429935 0.09168457042278294 0.09168192807430067 0.0915112157730598 
824 0.09214614559354314 0.0921643355466053 0.09208479946178581 0.09216433554660579 0.09220187291395472 0.09207710283550843 0.09208479946178549 0.09207710283550843 0.09159297582108722 
820 0.09241161998976286 0.09230261412875004 0.09235998622705126 0.09230261412875135 0.09233312121144469 0.09236109563449713 0.09235998622705117 0.09236109563449782 0.09236194511191725 
816 0.09290537828401933 0.09291863546949274 0.09274433576004097 0.09291863546949433 0.09294727489267246 0.09273552468735176 0.09274433576004235 0.09273552468735204 0.09294588625873183 
812 0.0932630913414014 0.0932976963004742 0.09309425219014256 0.09326317729732891 0.09332825173698789 0.0930815463001943 0.09309425219014174 0.09308154630019631 0.09353985085464338 
808 0.09358422269832663 0.0935924423613993 0.09406146741807092 0.09359244236140063 0.09364344919400022 0.09358029749322885 0.09406146741807066 0.09358029749323056 0.09388279839456272 
804 0.09426649065345812 0.09424209806267934 0.09426067569110382 0.09424209806268155 0.0942954905244114 0.0943017767298612 0.09426067569110394 0.09430177672986464 0.09430845815662764 
800 0.09460544971935117 0.09459019266178088 0.0946098125672553 0.09459019266178172 0.09463490817467954 0.0946041269241905 0.0946098125672558 0.09460716183450828 0.09456748830556054 
796 0.09492488383669324 0.09491016415879103 0.09498913727960252 0.09491016415879278 0.09496293927359659 0.09491777511592155 0.09498913727960381 0.0949177751159254 0.09484234978346401 
792 0.09518234486322215 0.09521137152555868 0.09575889128939953 0.0952113715255605 0.09527020425252344 0.09576358726927402 0.09575889128940072 0.09576358726927665 0.09511193244581323 
788 0.09553924538087909 0.09545683451679339 0.09611992716487201 0.09545683451679388 0.09552291229720393 0.09614521106233533 0.0961199271648745 0.09614521106233621 0.09542084572372599 
784 0.09587319631270159 0.09585052987476068 0.09649449466176807 0.09585052987476186 0.09582707466191852 0.09649630798206903 0.09649449466176939 0.0964963079820698 0.09571341366739765 
780 0.0974626908150356 0.0974324384318313 0.09729430674957161 0.09743243843183093 0.09747827445367604 0.09729687377043375 0.09729430674957072 0.0972968737704336 0.09595612960044349 
776 0.0978209788846998 0.09777487417719542 0.0974578724812825 0.09777487417719516 0.09778190929537074 0.09745574864009805 0.09745787248128293 0.09745574864009926 0.09628033592642202 
772 0.09812085761980684 0.09810889255868926 0.09773255286648105 0.09810889255868922 0.09813482713439063 0.09773577637630525 0.09773255286648089 0.09773577637630577 0.09647475687284823 
768 0.0983390609085066 0.09833219125463621 0.09802159793655471 0.09833219125463537 0.09834970115749943 0.09802313014024466 0.09802159793655311 0.09802313014024652 0.09728249282452596 
764 0.09857979914965302 0.09856976957573679 0.09817331915690962 0.0985697695757365 0.09857861575129917 0.09817343243723367 0.0981733191569092 0.09817343243723613 0.09767126152061716 
760 0.09878534860470528 0.09878538955663117 0.09833141546470008 0.09878538955663163 0.09879173156397913 0.09832920766364929 0.09833141546469799 0.0983292076636503 0.09831176898970344 
756 0.09928457035125368 0.09928678802273554 0.09916443884765075 0.09928678802273586 0.09929208434822445 0.0991655588877331 0.09916443884765037 0.09916555888773355 0.09911610668990783 
752 0.09946928002078299 0.09945115214246797 0.1003034075876099 0.09945115214246789 0.09945049836007347 0.1003164206360051 0.1003034075876089 0.100316420636005 0.101249722907101 
748 0.09960711700976781 0.09959508276984705 0.1014344174004987 0.0995950827698469 0.09958989549113163 0.1014438988859269 0.1014344174004986 0.1014438988859278 0.1013992452031418 
744 0.09975902112698674 0.0997492699034755 0.1015702663431359 0.09974926990347718 0.09974077789090605 0.1015808801722205 0.1015702663431355 0.1015808801722208 0.1025394717179439 
740 0.1003419270989111 0.1001310137296747 0.1019232851724681 0.09990212016692845 0.09992439456511075 0.1019362919728817 0.1019232851724671 0.1019362919728819 0.1036831563675987 
736 0.1004344806712169 0.100459484027451 0.1021258044184046 0.1004594840274511 0.1002212231647361 0.102135740667898 0.1021258044184046 0.1021357406678993 0.1037746464436857 
732 0.1006610744234388 0.1006624337427253 0.1021952046439892 0.1006624337427261 0.100658823100907 0.1022030025048289 0.102195204643989 0.1022030025048295 0.1038943688668529 
728 0.1016354731050507 0.1016325914883819 0.1027876612681497 0.1016325914883819 0.1016418600152417 0.1024767685148287 0.1027876612681487 0.1024767685148305 0.104208743282871 
724 0.1024246542895414 0.101952505629202 0.103094579517454 0.1019525056292023 0.1019697513245977 0.1031051457911687 0.1030945795174528 0.1031051457911685 0.1045355713540672 
720 0.1034631223092954 0.1034587231782154 0.1038298707785135 0.1034587231782154 0.1034642073907831 0.1038380833709141 0.103829870778512 0.1038380833709135 0.1046197745625363 
716 0.1037332473959378 0.1037358344728797 0.103910513115774 0.1037358344728795 0.1037280695748238 0.1039028879666879 0.1039105131157726 0.1039028879666882 0.1047175118100279 
712 0.1040049068550653 0.1040092409097299 0.1041651397512725 0.1040092409097304 0.1040204377572003 0.1041741411608969 0.1041651397512714 0.1041741411608993 0.1048417169289393 
708 0.1041326934668887 0.1041412007092789 0.1048398616071941 0.1041412007092794 0.1041535147414296 0.1048418645960243 0.1048398616071938 0.1048418645960246 0.1049918004058388 
704 0.1044795707842236 0.1045048558582546 0.1051605305977004 0.1045048558582551 0.1047648613301941 0.105172384844627 0.1051605305976993 0.1051723848446284 0.1052283032431903 
700 0.1049280335555266 0.1049500467907784 0.1056581632568167 0.1049500467907784 0.104972182433849 0.1056728683428174 0.1056581632568155 0.1056728683428183 0.1056118127339463 
696 0.1052361018209547 0.1052579758368478 0.1060597457527954 0.1052579758368476 0.1054284040777434 0.1060781306764862 0.1060597457527941 0.1060781306764868 0.1062016760747704 
692 0.1060607972919939 0.106089784231349 0.1064612405752251 0.1060897842313492 0.1061073074097036 0.1066357470198698 0.1064612405752248 0.1066357470198705 0.1069367541693877 
688 0.1064272148514793 0.1064408471396598 0.1070508074971084 0.1064408471396592 0.1066989439563579 0.1070630125441523 0.107050807497106 0.1070630125441524 0.1080494259861907 
684 0.1070760119528799 0.1070911184249162 0.1073900084157865 0.1070911184249163 0.1071173069243542 0.1074059671719425 0.107390008415787 0.1074059671719435 0.1085041163479653 
680 0.1077297534817254 0.1077369864351837 0.1077364239728106 0.1077369864351827 0.1076912985344246 0.1077564483969217 0.10773642397281 0.107756448396922 0.1089568256066593 
676 0.1080922542123517 0.1081095647477533 0.1081179381642569 0.1081095647477523 0.1081280255702571 0.1081292904891765 0.1081179381642551 0.1081292904891776 0.1093243550799393 
672 0.1085586304117304 0.1085789977191439 0.1092156730049494 0.1085789977191431 0.1086095171001678 0.1092362275483948 0.1092156730049483 0.1092362275483951 0.1096231209002565 
668 0.1093131664164636 0.1092863260727474 0.1095078366115652 0.1092863260727477 0.1092999269054794 0.1095304076642585 0.109507836611563 0.1095304076642595 0.110149453481979 
664 0.1096243266820067 0.1096140798184203 0.1099862670997185 0.1096140798184207 0.1096261698640986 0.1100119740349396 0.1099862670997169 0.1100119740349412 0.1104656203765203 
660 0.1100960110197108 0.1100819900331128 0.1103198838295224 0.1100819900331124 0.1100880078531543 0.1103455987888891 0.1103198838295212 0.1103455987888889 0.1107676022104974 
656 0.1104216303677282 0.1104046504307167 0.112099113723072 0.1104046504307156 0.1104911954793858 0.1121242897323915 0.1120991137230706 0.112124289732393 0.1112586608617495 
652 0.1110642289851241 0.1110347945079042 0.1125522634375878 0.1110347945079031 0.1110241149046836 0.1126635212670549 0.1125522634375873 0.1126635212670556 0.1128525698082317 
648 0.1114022947364777 0.1113783119394262 0.1134676372720884 0.1113783119394256 0.1113749223044638 0.1132120219646522 0.1134676372720877 0.1132120219646534 0.1144793746101906 
644 0.1116585559101779 0.1116335613988785 0.1137057851998826 0.1116335613988782 0.1116352826759359 0.1137492545551128 0.1137057851998816 0.1137492545551136 0.1147925169970406 
640 0.1119318229640134 0.1118910350195638 0.1140543535680521 0.1118910350195638 0.111884656224439 0.114106254182388 0.1140543535680506 0.1141062541823894 0.1151676924340392 
636 0.1128585627700205 0.1128162392690454 0.1142453999619486 0.1128162392690467 0.1128056739910882 0.1142953428249525 0.1142453999619482 0.1142953428249534 0.1153874183318179 
632 0.1131156542953303 0.1130890697808446 0.1147651886599895 0.1130891636159905 0.1130937558386263 0.1148095228370304 0.1147651886599889 0.1148095228370313 0.1156242683401586 
628 0.1158945914140778 0.1158701127887411 0.1162536947054216 0.1158701127887415 0.1158609145305355 0.1162900606850533 0.11625369470542 0.1162900606850545 0.115988998905014 
624 0.1164195052109844 0.1163839645202332 0.1166698656509707 0.1163839645202341 0.1163747793804846 0.1167120709148084 0.116669865650969 0.1167120709148101 0.1166246734468749 
620 0.1165887631203313 0.1165593505639025 0.1168181651945897 0.1165593505639031 0.1165575531025468 0.1168633059775795 0.1168181651945886 0.1168633059775813 0.116742748342008 
616 0.1166941523030186 0.1166646086632005 0.1169541973655926 0.1166646086632006 0.116667085304423 0.1170011742216135 0.1169541973655911 0.1170011742216138 0.1168718007211378 
612 0.1172388979201491 0.1172145520319584 0.1170556076982856 0.1172145520319588 0.1172233390661727 0.1170959121967197 0.117055607698284 0.1170959121967197 0.1172977217523274 
608 0.1174461138618659 0.1174213635536845 0.1173776112168927 0.117421363553684 0.1174350891563193 0.1174351446145094 0.117377611216892 0.1174342915484594 0.11773632028313 
604 0.1186879066331118 0.1186642744746114 0.1180694713392622 0.1186642744746115 0.118670340079615 0.1181017515709983 0.1180694713392611 0.1181017515709996 0.1184204773303033 
600 0.1188405713824974 0.1188343127488931 0.1193408887702101 0.1188343127488933 0.1204345504371797 0.1193759010241383 0.1193408887702097 0.1193759010241404 0.1188849654225529 
596 0.1197670132529113 0.1205612394914445 0.1196082681271245 0.1205516173720148 0.1205582605633956 0.119551199285551 0.1196082681271237 0.1195511992855516 0.1199052490805848 
592 0.120919981593821 0.1209103978604259 0.1197218739680169 0.1209103978604258 0.1208715157475765 0.1197516983663285 0.1197218739680162 0.1197516983663296 0.1200761570438598 
588 0.1212165963253152 0.1212011367949582 0.1202525124835544 0.1212011367949588 0.1212126931631799 0.1202627086510508 0.1202525124835533 0.1204224459324941 0.1203043430655274 
584 0.1214911929824737 0.1214830459535944 0.1212262033702703 0.121483045953595 0.1214875782858709 0.121252014064351 0.1212262033702694 0.1212520140643516 0.1205600958126313 
580 0.1216758752936311 0.1216665765978031 0.1218783769085629 0.1216665765978028 0.121671244219761 0.1218992104980391 0.1218783769085641 0.1218992104980398 0.1214383870890701 
576 0.1225601876806018 0.1225592628599207 0.1227396576171625 0.1225592628599199 0.1225716730079016 0.1227608121967303 0.1227396576171612 0.1227608121967316 0.1223397457126059 
572 0.1230304572636745 0.123021090152795 0.1229854185274979 0.1230210901527954 0.123027355297555 0.1230154873347691 0.1229854185274969 0.1230154873347708 0.1226676330518529 
568 0.123833665996591 0.1238349238624884 0.1239310036365096 0.1238349238624894 0.1238180684338493 0.1239649202028356 0.1239310036365087 0.1239649202028361 0.1235268583072556 
564 0.1246431018788748 0.1246300897223584 0.124506067167488 0.1246300897223594 0.124620117579318 0.1244158257934152 0.1245060671674867 0.1244158257934155 0.1244211108898503 
560 0.1252839700129 0.1252630535228755 0.1248794007525077 0.1252630535228754 0.1250914569810044 0.1249030618739762 0.1248794007525061 0.124903061873978 0.1248274503615995 
556 0.1256071680322987 0.1255882176830816 0.1253775763921959 0.1255882176830823 0.1255931326695987 0.1254672937486163 0.1253775763921946 0.1254672937486167 0.1264142557028302 
552 0.1266360464983548 0.1266414642870665 0.125932615116343 0.126641464287068 0.1263386812796341 0.1259189530109831 0.1258794391487565 0.1259197407629541 0.1271389909113003 
548 0.1272513215936343 0.1272480558901544 0.1272291584266271 0.1272480558901544 0.1273171108642235 0.1272310261745597 0.1272291584266257 0.1272310261745606 0.1278917442379917 
544 0.1275874396914601 0.1275865777670218 0.128567283833915 0.1276329953048165 0.1276244816146948 0.1285673917835054 0.1285672838339151 0.1285673917835071 0.1282423069471717 
540 0.12963842882154 0.1296488448363733 0.129213245031159 0.1296488448363746 0.1296462683972322 0.1292021761968902 0.1292132450311576 0.1292021761968917 0.128674726275404 
536 0.1300302023556874 0.1300400315041713 0.1295421687471536 0.1300400315041718 0.1300552241230181 0.1295389919933769 0.1295421687471523 0.1295389919933788 0.1289959570905333 
532 0.130482040349424 0.1305037635850572 0.1298982119358993 0.1305037635850588 0.1305191924173738 0.1298834891438592 0.129898211935898 0.1298834891438606 0.1293201993637316 
528 0.131274077972425 0.1313047501702055 0.1309445067991492 0.1313047501702044 0.1313056516914267 0.1309037121953903 0.1309445067991472 0.1309037121953914 0.129709961605877 
524 0.1314840281823498 0.1315140237681487 0.1313382244274575 0.131514023768149 0.1315180908228879 0.1315855294840109 0.1313382244274561 0.1315855294840125 0.1301672408672458 
520 0.1325394929172944 0.1325227233977022 0.1319859129051182 0.1325227233977015 0.132478272960604 0.1319071718661806 0.1319859129051162 0.1319071718661829 0.130475502356313 
516 0.1357170843383202 0.1343120700232053 0.1337142736860719 0.1343120700232053 0.1328611748429846 0.1336811062174642 0.1337142736860706 0.133681106217466 0.1312055999212501 
512 0.1360663378111964 0.1360907933885151 0.1339640744869735 0.1360907933885154 0.1360906273021357 0.1339294512081414 0.1339640744869724 0.1339294512081426 0.1313766399406851 
508 0.1362774846088865 0.1363088975892956 0.1346320686736532 0.136308897589296 0.1363157529085761 0.1346091084469566 0.1346320686736522 0.1346146835651316 0.1320181610642033 
504 0.1364796022908726 0.1365052900136204 0.1349589165042454 0.1365052900136211 0.1365083999082188 0.1349410558329864 0.1349589165042444 0.1349410558329896 0.1322025930945322 
500 0.1369023648256407 0.136937856272234 0.1352009481858132 0.1369378562722345 0.1369152859521602 0.1351811696916978 0.1352009481858105 0.1351811696916987 0.1328566103955424 
496 0.1373392065547033 0.1373662761118019 0.1367650185448644 0.1373662761118027 0.1373433676002589 0.1367273870067406 0.1367650185448621 0.1367273870067431 0.134581855551124 
492 0.1377838763905467 0.1378154949072306 0.1370490972215792 0.1378154949072314 0.137776791016175 0.1370036321023502 0.1370490972215761 0.1370036321023524 0.1363864588309222 
488 0.1380179902961112 0.1380493748565064 0.1385233762276737 0.138049374856506 0.1380216696709604 0.1384923357684635 0.1385233762276708 0.1384923357684645 0.1390441929636295 
484 0.138692750139734 0.1387336439495789 0.1400478641026533 0.1387336439495799 0.1386900749748856 0.1400181612294748 0.1400478641026525 0.1400181612294752 0.14182548120449 
480 0.1394610631387636 0.1394612189518855 0.1407384758014042 0.1394612189518862 0.1393836961805457 0.1407130931254643 0.1407384758014026 0.140713093125465 0.1420386551616917 
476 0.1397938752377321 0.1398373123122086 0.1412452917158458 0.1398373123122076 0.1398003624706934 0.1412215382356644 0.1412452917158439 0.1412215382356663 0.1423075554258197 
472 0.1408229121386637 0.1408601955207593 0.1418992437006235 0.1408601955207594 0.1405795232729811 0.1418423358779535 0.141899243700622 0.1418423358779542 0.1429016384214951 
468 0.1421191358523977 0.1421663859313271 0.1432568716620687 0.1421663859313275 0.1421104858070963 0.1431984100535316 0.143256871662067 0.1431984100535321 0.1430546567869285 
464 0.1431107963154601 0.1431963699921456 0.1441492230646722 0.1431963699921461 0.1425569137176936 0.1440882837479746 0.1441492230646709 0.1440882837479751 0.1435346443066098 
460 0.1441965363281578 0.1442067160877493 0.1446535431193846 0.1442067160877501 0.1441627389695212 0.1445835964798297 0.144653543119383 0.144583596479831 0.144194884847003 
456 0.1451726386236162 0.1452440936970889 0.1454487275122471 0.1450077603189106 0.1449436940148865 0.1453910157014978 0.1454487275122449 0.1453910157014973 0.1452945597248026 
452 0.1465188364663148 0.1466079300750469 0.1459500555372828 0.146607930075047 0.1465164833194096 0.1458989105033868 0.1459500555372818 0.145898910503389 0.1464960232489941 
448 0.146943019079491 0.1470345766410444 0.1469453300227686 0.1470345766410436 0.1469435926947198 0.1469009366417316 0.1469453300227666 0.146900936641734 0.1483657876457875 
444 0.147820182204066 0.1478998248169441 0.1475894714275797 0.1478998248169433 0.1479134866814402 0.1475439062753978 0.1475894714275789 0.1475393159761463 0.1488945767923734 
440 0.1485046153913264 0.1486291829927505 0.1491177688585172 0.1486291829927502 0.1484581111644548 0.1490772920607981 0.1491177688585147 0.1490772920607991 0.1494523747172928 
436 0.1498442514403568 0.1499086558687019 0.1506162187204617 0.1499086558687013 0.1498129023256845 0.1505419368270584 0.1506162187204594 0.1505419368270588 0.1497517351974553 
432 0.1514672638118672 0.1515380872553695 0.1511034559413908 0.1515380872553681 0.1518755927141886 0.1510920717766388 0.1511074694531034 0.1511399906073021 0.1506314820340803 
428 0.1524593411871477 0.1525553340961621 0.1518231830381183 0.1525553340961623 0.152432718544756 0.1518526152552866 0.1518231830381172 0.1518526152552873 0.1514387204015067 
424 0.1531768493400481 0.1532250919792043 0.1522174601069166 0.1532250919792042 0.1531889754649655 0.1521715786968267 0.1522174601069162 0.1521715786968286 0.1530958846885823 
420 0.1540608663366609 0.1541002089777935 0.1532056999804879 0.1541002089777934 0.1539884955658202 0.1530363504052178 0.1532056999804867 0.1530363504052198 0.1535856754898757 
416 0.15432049676656 0.1543598809134816 0.1540739478205267 0.1543598809134814 0.1542526301622097 0.1543347596280585 0.1540739478205259 0.1543347596280604 0.1562532993501191 
412 0.1546778997817373 0.1547043620529303 0.155120450998375 0.1547043620529292 0.1546171243440184 0.1550675397163879 0.1551204509983742 0.1550675397163892 0.1631227140216578 
408 0.1550309091926287 0.1552276035582068 0.1599891727304223 0.1552276035582058 0.1553304339716216 0.1599605985400619 0.1599891727304209 0.1599605985400625 0.1635608814674993 
404 0.1558491123347489 0.1559802444389793 0.1603557153172325 0.1559782513463842 0.155791918700868 0.1603159326883614 0.1603557153172307 0.1603159326883626 0.163801498331276 
400 0.15662473551294 0.1566200561065497 0.1607495335279482 0.1566200561065487 0.1565712639065117 0.1607028149245477 0.1607343990986509 0.1615939150738226 0.1641155017082764 
396 0.1587666865089297 0.1587626406477369 0.1618664022594427 0.158762640647736 0.1587079879621384 0.1618367091022109 0.1618664022594418 0.1618367091022129 0.1646116606844621 
392 0.1592357637915238 0.1592291449740319 0.1642879329430046 0.15922914497403 0.1591649886343444 0.1642631025796445 0.1642879329430043 0.1642631025796454 0.1653603927103998 
388 0.1637060093748831 0.1637062907432399 0.1645935945480171 0.1637062907432393 0.1636626061706718 0.1645705732606243 0.1645935945480151 0.1645705732606254 0.165952499248301 
384 0.1641684014723659 0.1641707967336858 0.1653278153187121 0.1641707967336842 0.1645517225985053 0.1653028961082461 0.1653278153187104 0.1653028961082459 0.1669607689214744 
380 0.1654243969788542 0.1654205706041494 0.1661986268898197 0.165420570604149 0.1654236161323448 0.1661893825218878 0.1661986268898183 0.1661893825218887 0.1671994234628417 
376 0.1659481082507442 0.165939639288798 0.1675976085915362 0.1659396392887963 0.1659113574383551 0.1675969976693525 0.167597608591534 0.1675969976693534 0.1674792096980867 
372 0.1676464695011936 0.1676960715630625 0.168268950711223 0.1676614935771715 0.167625795610537 0.168258591759864 0.1682689507112218 0.168258591759865 0.1687736946408795 
368 0.1685119271733549 0.1680703123145875 0.1702867911383214 0.1680703123145875 0.1680352050763892 0.1702896201342267 0.1702867911383191 0.1702896201342289 0.1709119362408083 
364 0.1698383728577069 0.1698111496152714 0.1707982585982143 0.1698111496152709 0.169803115311322 0.1707979740320466 0.1707982585982132 0.1707979740320466 0.1717422285757745 
360 0.1714128618326594 0.1713781582945212 0.1727481446302603 0.1713687125594587 0.171347466858375 0.1727715840321912 0.1727481446302586 0.1727715840321928 0.1726865945177956 
356 0.1728342544744365 0.1727968724329681 0.1733180751558889 0.1727968724329675 0.1727684440657806 0.1733326780336339 0.1733180751558867 0.173332678033637 0.1738762505630295 
352 0.1747361718528328 0.1746701304563069 0.1746078768873836 0.1746701304563068 0.1746455106909223 0.1746188993226944 0.1746078768873827 0.1746188993226976 0.1752882731664977 
348 0.1753206000388206 0.1753098770929633 0.17676206878578 0.1753098770929631 0.1752995774792924 0.1784630406002192 0.1767620687857793 0.1784630406002222 0.1778682408352432 
344 0.1762640191094947 0.1762036623877593 0.1795931659672444 0.1762036623877583 0.176208556360981 0.1795548454181216 0.1795931659672426 0.1795548454181241 0.1799681612106953 
340 0.1779579664187526 0.1778942496010683 0.1806059816392273 0.1778942496010683 0.1779325972651915 0.1805833825553208 0.1806059816392257 0.1805833825553228 0.182084350136263 
336 0.1787573848650566 0.1785249828456425 0.1814128669447571 0.1785249828456422 0.1785649209290024 0.1813836657467353 0.1814128669447558 0.1813836657467386 0.1859602555941575 
332 0.1798602873047207 0.1797458841786134 0.1831057462726072 0.1797458841786132 0.1803538473474111 0.1830705204249132 0.1831057462726049 0.1830705204249158 0.1868484265693149 
328 0.1809674510024882 0.1808946544769437 0.1840226706777948 0.1808946544769435 0.1809420003941453 0.1839957176436162 0.1840226706777927 0.1839957176436175 0.1874812226051957 
324 0.1849054245043765 0.1848432404949129 0.1878536216806905 0.1848432404949134 0.1848625712412823 0.1878176134626174 0.1878536216806893 0.18781761346262 0.1879042894278607 
320 0.1893442752178099 0.1889056831464598 0.1886511082653314 0.1889056831464596 0.1888603928246233 0.1888906063835191 0.1886511082653305 0.1888906063835214 0.1885735948589164 
316 0.1897624023980876 0.1896847145275304 0.1900334887732164 0.1896847145275306 0.1896734361246433 0.1900428589397219 0.1900334887732154 0.1900428589397238 0.1890282615116257 
312 0.1902025558549011 0.1901373825174322 0.1913793298782024 0.1901373825174328 0.1901407011331707 0.1913898257298085 0.1913793298782027 0.1913898257298088 0.1897587473899073 
308 0.1906383609834736 0.1905717063178932 0.1917371898695038 0.1905717063178943 0.1905651795860248 0.191742650503031 0.1917371898695034 0.1917426505030317 0.1908171904278493 
304 0.1934996649051427 0.1934244482298473 0.1948451764355987 0.1934244482298497 0.1934281674278034 0.1948396186686294 0.1948451764355962 0.1948396186686303 0.1923692352600597 
300 0.1991813050422739 0.1991176706430467 0.195266737158935 0.1991176706430487 0.1991167879993476 0.1952659524492929 0.1952667371589338 0.195265952449294 0.1940311220480756 
296 0.1995957722102436 0.1995356329241915 0.1970236252612078 0.1995356329241923 0.1995302919309611 0.1969970774839097 0.1970236252612062 0.1969970774839099 0.1972807990971667 
292 0.2003947481029721 0.2007170366933598 0.1982202279754914 0.2007170366933607 0.2007263532097125 0.1981466147789407 0.1982202279754914 0.1981466147789404 0.1981406190200813 
288 0.2012659019596936 0.2012174834391483 0.2014908434099826 0.2012174834391492 0.2012325666416115 0.2014202121086879 0.2014908434099821 0.2014202121086898 0.2014460116677927 
284 0.2019883837957278 0.201942041662737 0.2039634558574345 0.201942041662739 0.2019459473632273 0.2040285965558119 0.2039634558574317 0.2040285965558113 0.2020313210495772 
280 0.2051507545864119 0.2050992653696515 0.2076856747689297 0.2050992653696536 0.2050562161399077 0.2075787859926073 0.2076856747689285 0.207578785992608 0.2061281920390957 
276 0.2060991925858459 0.2060648246928855 0.2086615442808983 0.2060648246928865 0.2060399621951878 0.2086098244436629 0.2086615442808957 0.2086098244436639 0.2107527731844194 
272 0.2078452711707111 0.2078077956599468 0.2104355825929261 0.2078077956599479 0.2077831715659389 0.2104116048118785 0.2104355825929242 0.2104116048118798 0.2119588551857076 
268 0.2099015813264518 0.209887393493515 0.2122373477342711 0.2098873934935167 0.2098633282819017 0.2122447183316886 0.2122373477342696 0.2122447183316888 0.2134672537463768 
264 0.2121171910557738 0.2112651703380556 0.2158605768103816 0.2112651703380563 0.2112318642999311 0.2158746433297743 0.2158605768103806 0.2158746433297754 0.2152734124499298 
260 0.2180014841261745 0.2180139910986606 0.2173375651063202 0.2180139910986618 0.2179757215356567 0.2173746842460275 0.2173375651063197 0.2173746842460275 0.2176175457097949 
256 0.2196791064296361 0.2196496199259673 0.2186356947992756 0.219649619925969 0.2195645528690544 0.2186369351382114 0.218635694799274 0.2186369351382131 0.2195263998016959 
252 0.2205944169164043 0.2205480474249362 0.2204657169590682 0.2205480474249371 0.220495705370304 0.2204601891738818 0.2204657169590673 0.2204601891738818 0.2208794709513043 
248 0.2232096216753808 0.2231482932736778 0.2218341779393845 0.2231482932736777 0.2230828478362485 0.2218068842262506 0.2218341779393836 0.2218068842262508 0.2223965215437519 
244 0.2275028299035164 0.2274450611194548 0.2262659006075108 0.2274450611194553 0.2273749663201421 0.2262308630101666 0.2262659006075095 0.2262308630101679 0.2230213716411586 
240 0.2320691492979129 0.23204733878051 0.2279840692840793 0.232047338780512 0.2319603895812737 0.2279082159409521 0.2279840692840778 0.2279082159409526 0.22386633860375 
236 0.2331694147203543 0.233205040865171 0.2296641006276064 0.2332050408651726 0.2331279514390002 0.2295782840418187 0.2296641006276041 0.2295782840418202 0.2275945513995061 
232 0.2337014491684193 0.2337408566573727 0.2318254995103144 0.2337408566573743 0.2336777125029887 0.2317757384665508 0.2318254995103116 0.2317757384665525 0.2319423187248315 
228 0.2353077861580476 0.2354328999950911 0.2345310576137189 0.2354328999950915 0.2353510162806016 0.2344258863355969 0.234531057613717 0.2344258863355989 0.2422004452396755 
224 0.2372117411985614 0.2373330315845845 0.2461174637482 0.2373330315845864 0.2372214864416793 0.2459929933777588 0.2461174637481987 0.2459929933777611 0.2433237543389582 
220 0.2381500007559115 0.2382804459897968 0.2466116783695803 0.2382804459897992 0.2381675883104169 0.2465247733820364 0.2466116783695791 0.2465247733820376 0.2502797867805865 
216 0.2388000134746621 0.2389211773432778 0.2500063666355089 0.2389211773432788 0.2388485218000081 0.2499261138119772 0.2500063666355078 0.2499261138119794 0.2567667017505991 
212 0.2449350041305714 0.2450707245805896 0.2523953782341574 0.2450707245805916 0.2449959080366602 0.2523135249970779 0.2523953782341566 0.2523135249970799 0.2577448381505283 
208 0.2547382453659942 0.2556126946172564 0.257609092316624 0.2556126946172564 0.2554920766779381 0.2575274545734084 0.2576090923166226 0.2575274545734103 0.2589184962526049 
204 0.257227284500563 0.2571282673427243 0.2591725153070237 0.257128267342725 0.2570507476653577 0.2591036316079878 0.259172515307021 0.2591036316079898 0.260448933567723 
200 0.2590140554824835 0.2591572394055678 0.2614374713078546 0.2591572394055694 0.259095161903754 0.2613625370470499 0.2614374713078534 0.2613625370470527 0.2636879620666905 
196 0.2621971132945029 0.2623166239913685 0.2640804775757439 0.2623166239913695 0.262277873756296 0.2640072728730189 0.2640804775757423 0.2640072728730214 0.265750465461789 
192 0.264248523832477 0.2667937679693361 0.2700461388348703 0.2667937679693372 0.2688692142778887 0.2699468959810237 0.2700461388348681 0.2699468959810288 0.2698908838649984 
188 0.2711124412995561 0.2708820740604279 0.2713925972801316 0.2708820740604244 0.2708471234887402 0.2713266113867923 0.2713925972801274 0.2713266113867964 0.2739743100704449 
184 0.2743932918598075 0.2745370543493977 0.2736754915160372 0.2745370543493949 0.2745286526458706 0.2736706248393569 0.2736754915160332 0.2736706248393607 0.2771475175173302 
180 0.2772867439635405 0.2774723115517467 0.2782122409650251 0.2774723115517462 0.2774643733623088 0.2781621535793765 0.2782122409650213 0.2781621535793793 0.2811029525316408 
176 0.2802541166428489 0.2804214461590261 0.2809843356376122 0.2804214461590245 0.2803892938471085 0.2800116710468823 0.2809843356376078 0.2800116710468871 0.2947390647921455 
172 0.2813200061407259 0.2813597016912121 0.2966947181744857 0.2813597016912101 0.281369354130362 0.2967382203325765 0.2966947181744818 0.2967382203325813 0.3113940574742818 
168 0.2872015801100896 0.2852179868135926 0.3002101095118048 0.2852179868135904 0.2830915520830934 0.299613060397567 0.3002101095118005 0.2996130603975715 0.31265826234119 
164 0.2884786879203365 0.2886269824394562 0.3027613414167274 0.2886269824394549 0.2887174442783219 0.3027462223816239 0.3027613414167212 0.3027462223816274 0.3142172492468822 
160 0.3101538975977597 0.3105862664989589 0.3138209688966551 0.300681375828265 0.2908113494618377 0.3138061711269513 0.3138209688966495 0.3138061711269561 0.3158136321651401 
156 0.3129708662562802 0.3125491362476824 0.314865496754798 0.3125491362476828 0.3120905603407258 0.3148450027078942 0.3148654967547935 0.3148450027079001 0.3182241647825954 
152 0.3139859442855599 0.3140688207677823 0.3184745289468738 0.3140688207677815 0.3142023049507783 0.3184911438172177 0.3184745289468686 0.3184911438172233 0.3211422707602014 
148 0.3192720006345018 0.3193178358445692 0.323227633403136 0.3193178358445695 0.3194628601933125 0.326132616490047 0.3232276334031301 0.3261326164900515 0.3248592851123465 
144 0.3260846779932382 0.3260796069329512 0.3298497520563288 0.3260796069329503 0.3263188914614451 0.3299196646739177 0.3298497520563223 0.329919664673923 0.3317543415197683 
140 0.3327283764787615 0.3322629583796618 0.332045477645377 0.3322629583796612 0.3325159032971842 0.332115289934075 0.3320454776453715 0.3321152899340803 0.340959627848434 
136 0.3377311561238851 0.3379612033913972 0.3384893234090369 0.337961203391397 0.3381679037190945 0.3385480220222566 0.3384893234090299 0.3385480220222594 0.343078673076911 
132 0.3404087687659332 0.3409590560009077 0.3447337490607089 0.3409590560009073 0.3411690756223299 0.3447517574738996 0.344733749060702 0.3447517574739053 0.3565886872798645 
128 0.344522378253691 0.3446408766002023 0.360631637232984 0.3446408766002026 0.344971148121697 0.3606021361943628 0.3606316372329778 0.3606021361943673 0.3600213526735791 
124 0.3537205003416765 0.3538669436639184 0.3660725235044286 0.3538669436639181 0.3547316026381626 0.3660550006630601 0.366072523504424 0.3660550006630639 0.3773092153589501 
120 0.3680356365821435 0.3682195136807181 0.3798175248053527 0.3682195136807193 0.3572898488792685 0.3688002410227383 0.3798175248053449 0.3688002410227425 0.3815898856228145 
116 0.3816856624089682 0.3817734779513491 0.3834868570619861 0.3817734779513531 0.3818988219416868 0.3834293435811748 0.3834868570619809 0.383429343581178 0.3850100863035293 
112 0.3855041591755189 0.3855403061071352 0.387211350222488 0.3855403061071422 0.3856510867001575 0.3871410243770225 0.387211350222483 0.387141024377024 0.3900606386525197 
108 0.3898909681202787 0.3897849534866434 0.3919951521709403 0.3897849534866502 0.3884315338695217 0.391993360903595 0.3919951521709348 0.3919933609035966 0.3929165424320104 
104 0.407247976652949 0.4073808321472095 0.4014540865263603 0.4073808321472137 0.4074151291101423 0.4014107479747567 0.401454086526357 0.4014107479747585 0.4018728614276391 
100 0.4118935980365354 0.4120528770993587 0.4137655842878726 0.4120528770993629 0.4123082062265647 0.4137293150789058 0.4137655842878695 0.4137293150789066 0.4062506753124971 
96 0.4156863622965374 0.4157850615977324 0.4264834278619156 0.4157850615977365 0.4160214383978044 0.4265186774872542 0.4264834278619141 0.4265186774872562 0.4194491735778171 
92 0.425117184865936 0.4191951445954906 0.4462742469847902 0.4191951445954943 0.4193771502109386 0.4453942331498267 0.4462742469847902 0.4453942331498304 0.4408222637351528 
88 0.435409849317052 0.4354871503918712 0.4554423799501761 0.435487150391875 0.4356831722047808 0.4553711638670825 0.4554423799501732 0.4553711638670838 0.472259438023638 
84 0.4546364274815978 0.4546740813190625 0.4718043776339341 0.4546740813190626 0.4401209671116389 0.4588165318609732 0.4718043776339328 0.4588165318609774 0.4787141231127048 
80 0.4712785247469421 0.4713201542703396 0.4769549664216401 0.47132015427034 0.4713288585229355 0.4769073316595577 0.4769549664216379 0.47690733165956 0.4900922597849718 
76 0.4806098361115769 0.4802330502056382 0.4860513834730085 0.4802330502056378 0.4802410099445509 0.4917528457106676 0.4860513834730075 0.491752845710671 0.4985097416924307 
72 0.4911150254154 0.4911725010692973 0.4990264762537031 0.491172501069297 0.4911864894944217 0.4990488558819581 0.4990264762537006 0.4990488558819612 0.5063388475313855 
68 0.5042238793978853 0.5042752867803081 0.5147172211305922 0.5042752867803093 0.5043061716546401 0.5146995652956615 0.5147172211305888 0.5146995652956644 0.5202717939944216 
64 0.512344093892161 0.5123587952991955 0.5181382933305345 0.5123587952991957 0.5123324842285176 0.5181212447158478 0.518138293330532 0.5181212447158505 0.5532297175944747 
60 0.5302096102166054 0.5301683798830152 0.5646551550102329 0.5301683798830149 0.530140908875714 0.5646357928825344 0.5646551550102255 0.5646357928825413 0.6084628337743385 
56 0.5349034975661862 0.5333635240004573 0.602222364418309 0.5333635240004575 0.533708273825747 0.6022234170114458 0.6022223644183065 0.6022234170114539 0.6136962194162785 
52 0.5965944276994744 0.5966064919640511 0.6135487530014486 0.5966064919640536 0.5965688519450418 0.6135534883603356 0.6135487530014451 0.6135534883603423 0.6252444445878976 
48 0.6040969324388452 0.6040994338351381 0.6227529381522373 0.6040994338351403 0.604084410920753 0.6227403501707757 0.6227529381522335 0.6227403501707827 0.6380215372325687 
44 0.6245777618534512 0.6245267930916073 0.6332280827583157 0.6245267930916096 0.6257430214190316 0.6332183227433191 0.6332280827583091 0.6332183227433292 0.6657779010769592 
40 0.6377330203049266 0.6377159039893607 0.6522565189283552 0.6377159039893662 0.6376714819416656 0.6522410597563353 0.6522565189283503 0.6522410597563428 0.6805719569024939 
36 0.6648495647771515 0.6532460523447891 0.7068139882085702 0.6532460523447908 0.6532470317505465 0.7068088362983589 0.7068139882085657 0.7068088362983668 0.7001824595295131 
32 0.7028352613498182 0.7028206656427467 0.7525076228038493 0.7028206656427493 0.7028083969622897 0.7222526111553642 0.7525076228038453 0.7222526111553732 0.760292891356058 
28 0.7510631734635584 0.7510487672664823 0.7575077679863885 0.7510487672664833 0.751039620988415 0.7575064567687682 0.7575077679863875 0.7575064567687755 0.7727061540907384 
24 0.7550403327878363 0.7613102469378641 0.7885054241711289 0.7613102469378625 0.7675329735509815 0.7884950004085735 0.7885054241711321 0.7884950004085687 0.8090268006450023 
20 0.7911188467214607 0.7911039566116999 0.8116112788441259 0.7911039566117004 0.7911012247469388 0.8116057125113495 0.8116112788441263 0.8116057125113454 0.822825330736028 
16 0.8360499902335775 0.8360441291959734 0.8413712778610017 0.8168547039857099 0.8168492031319565 0.8413677877836986 0.8413712778609989 0.8413677877836969 0.8630555070020134 
12 0.8638031998850886 0.8637996037858892 0.8797939370896716 0.8637996037858882 0.8637968815250929 0.8684055911290474 0.879793937089671 0.8684055911290447 0.8810290814338125 
8 0.8881120875245881 0.8881081988648878 0.8863380947444073 0.8881081988648863 0.8881057875428239 0.8863351753027701 0.8863380947444049 0.8863351753027692 0.8917486582716683 
4 0.9409680463023619 0.9166676699819015 0.9417204982526841 0.9166676699819011 0.9166656191255776 0.9417193107293765 0.9417204982526836 0.9417193107293731 0.9424737787823346 
