1200 0.003628283058124622
1196 0.00371502343006661
1192 0.003708416014042213
1188 0.003580418782293665
1184 0.003492688926936463
1180 0.00355028386561766
1176 0.003597548292632077
1172 0.003568662605110446
1168 0.003558613117956587
1164 0.003587174757811147
1160 0.003678515195930249
1156 0.003692415184156555
1152 0.003676078675887799
1148 0.003611923024385276
1144 0.003584514041056032
1140 0.003543119821888889
1136 0.003513692358362708
1132 0.003508701911880313
1128 0.00345124850972917
1124 0.003456807679381369
1120 0.003499047292270648
1116 0.003490965659865123
1112 0.003494033541691074
1108 0.003435354118015896
1104 0.003406492844534987
1100 0.003386108602276789
1096 0.003350670713477316
1092 0.003362036566999736
1088 0.003362566909836206
1084 0.003396463641118737
1080 0.003344771383728717
1076 0.003334192148265129
1072 0.003187853012834837
1068 0.003189800668538483
1064 0.003195421281709797
1060 0.003189201495899113
1056 0.003213838665908643
1052 0.00316378383764327
1048 0.003176849737036306
1044 0.003159328637883113
1040 0.002857260565546692
1036 0.002764439659684077
1032 0.002605321158720156
1028 0.002629186757353923
1024 0.00259781996221507
1020 0.002532423100798826
1016 0.002466288045089134
1012 0.002396815726807012
1008 0.002357195931842555
1004 0.002166371522596553
1000 0.001922112980265407
996 0.001724105115802331
992 0.001586260799100392
988 0.001494925589875498
984 0.001415828440959934
980 0.001212925964324415
976 0.00113355877997778
972 0.0008995741363358186
968 0.0008073045338155651
964 0.0006969271521981911
960 0.0005684318114781455
956 0.0004927446496914609
952 0.000465258667138242
948 0.0005405819768124808
944 0.0006354638810149305
940 0.0007368566606080505
936 0.0008343493907541347
932 0.0009458921611481772
928 0.001217997016794775
924 0.001232515676012618
920 0.001292126817674292
916 0.001424363285082035
912 0.001519867603663931
908 0.001614900303721016
904 0.001851312599964453
900 0.001961938831568695
896 0.002018362287380552
892 0.002032626667794663
888 0.002106466451991468
884 0.0021001881689203
880 0.002208406278429963
876 0.002346874107675797
872 0.002429430904023421
868 0.002489350703657226
864 0.002547943322837248
860 0.002607369216334288
856 0.002724087100611494
852 0.002779271272504009
848 0.002901580920498561
844 0.003002499183136103
840 0.003086049957871424
836 0.003184983170151922
832 0.003282963280128974
828 0.003375269150745217
824 0.003533769417396002
820 0.003593411407683527
816 0.003752552786130994
812 0.003845861152440805
808 0.003911674336516364
804 0.003944097981866839
800 0.004066026234625757
796 0.004169623764790387
792 0.004142786485047575
788 0.004210816591457766
784 0.004356534292355278
780 0.004229017491732654
776 0.004331042114405398
772 0.004377958767287189
768 0.004409992487037807
764 0.004474649055377567
760 0.004529529300864034
756 0.004316819293349761
752 0.004110951305043721
748 0.003957217491375315
744 0.004024429146373998
740 0.003997975127261777
736 0.004045528929983164
732 0.004018531215587881
728 0.003443799989917227
724 0.003233621181968125
720 0.002579927899344169
716 0.002612435233245116
712 0.002619455734662572
708 0.002548627105736867
704 0.002435954680424393
700 0.002141102945318293
696 0.001989857139529364
692 0.001527056983063657
688 0.001333379625452627
684 0.00111077287957372
680 0.0009187243580134235
676 0.000766582515239902
672 0.0004684705154484839
668 0.0003285561916892783
664 0.0003105765453054918
660 0.0004301451950547364
656 0.000636407630787581
652 0.0009135411356743385
648 0.001232954217468596
644 0.001363869796212014
640 0.001657061148659421
636 0.001723458193726684
632 0.00177210084802667
628 0.002515102236077929
624 0.002849359710914406
620 0.002949273120171407
616 0.003118943426968392
612 0.003250520856933431
608 0.003352816850989263
604 0.003497261124852525
600 0.004235752513763616
596 0.004825553026757171
592 0.004966062179021341
588 0.005034663306382028
584 0.005253963953801602
580 0.005423517564989474
576 0.005918378573978804
572 0.006005146799535774
568 0.006761167069104473
564 0.007142829341959367
560 0.007519758120113178
556 0.00781326562777903
552 0.008276573680049085
548 0.008859733621757383
544 0.008984697682775791
540 0.009061762345059782
536 0.009472076899643309
532 0.009767987053642792
528 0.01062434179725464
524 0.0107889736292621
520 0.01088185353927298
516 0.01059594196433691
512 0.01069047840039497
508 0.0107321775506122
504 0.01088184960711486
500 0.01142836497652473
496 0.01124407726047666
492 0.01130693042030348
488 0.01127619985641557
484 0.01102223574694772
480 0.01081596036749026
476 0.01072889020030167
472 0.01057070579673696
468 0.01045486778265284
464 0.01029835581135292
460 0.01008742486778473
456 0.009840956862903231
452 0.009659187246720637
448 0.009543921668654738
444 0.009309088176473093
440 0.009056659643657582
436 0.008789321309728126
432 0.008621149249505466
428 0.00855294961990594
424 0.008419824359146686
420 0.008401948022523703
416 0.008149848246314307
412 0.007879031177163716
408 0.00682007269639784
404 0.006692584513781579
400 0.006721371641296557
396 0.00605540659978509
392 0.005320436026463381
388 0.003667832551811422
384 0.003332926460692279
380 0.002900021970367253
376 0.002370374695207497
372 0.001609174994450274
368 0.0007315799935234949
364 0.000829087399606382
360 0.002164484707405726
356 0.002940135423865686
352 0.004087771640711654
348 0.004912550261284032
344 0.005806058607774939
340 0.007035881916602802
336 0.007664654122501333
332 0.008722234585036796
328 0.009407787439811509
324 0.009529432803286268
320 0.01044862752651587
316 0.01145093449299134
312 0.01180446612320048
308 0.01238116541917735
304 0.01308715637429386
300 0.01301098524730686
296 0.01363661514962697
292 0.01426964141892035
288 0.01479456550452553
284 0.01510503805713255
280 0.01565203968819212
276 0.01607060821836075
272 0.01650852907698656
268 0.01732015349243908
264 0.01759993441932987
260 0.01790195200338538
256 0.01834781927492794
252 0.01870367916271158
248 0.01929045580498391
244 0.01800343271530998
240 0.01799753894050658
236 0.01821061658443917
232 0.01803853581949289
228 0.01733292751297387
224 0.01369260559086196
220 0.01354292684629799
216 0.01303707358227995
212 0.01030714994979288
208 0.001181507819908962
204 0.001045333277793038
200 0.001938664686704986
196 0.004783098318676868
192 0.00957546274515231
188 0.01234476401800689
184 0.01516722427672403
180 0.01934308060286885
176 0.02305437777917253
172 0.02910872995971897
168 0.03295389039140949
164 0.03560702885275018
160 0.04498970279336294
156 0.04898683483642732
152 0.05090297352914627
148 0.05544840680711696
144 0.06261353080078229
140 0.06810183564031005
136 0.07252352235638669
132 0.07930195939379668
128 0.09133669732524485
124 0.1050788487382121
120 0.1142499543439921
116 0.1260158737417669
112 0.1328921581545179
108 0.1409065625141769
104 0.1467544981996175
100 0.156027323142873
96 0.1624455554398979
92 0.1701840936535545
88 0.1765072008081658
84 0.1816747631316559
80 0.1864762788078866
76 0.1902678750183454
72 0.1915259506291397
68 0.196626407502806
64 0.1979931151687354
60 0.1932877087131959
56 0.1894688500226948
52 0.1803187058428551
48 0.1793504184180012
44 0.1641793027399979
40 0.1501687293885778
36 0.101139480572509
32 0.04412426923663557
28 0.04218611426494733
24 0.09995357426849893
20 0.1485514624598483
16 0.2547010426118657
12 0.3854227573839788
8 0.4638502359699417
4 0.6447903805358474
