1200 0.004283619267499846
1196 0.00438945634059379
1192 0.004420070137296951
1188 0.004475268560727288
1184 0.004417235722159148
1180 0.004456128988709838
1176 0.004482978105344806
1172 0.004425496008417426
1168 0.004371210098246968
1164 0.004372589177343936
1160 0.004501388333507781
1156 0.004521460275221376
1152 0.004511041661796627
1148 0.004380688108568039
1144 0.004311103878249988
1140 0.004253271769555278
1136 0.004237707561154909
1132 0.004211935164840069
1128 0.004176904227161255
1124 0.004200760749771834
1120 0.004324503840793931
1116 0.004386001946063484
1112 0.004343799962224724
1108 0.004352270979083472
1104 0.004320996013385875
1100 0.004334147505549579
1096 0.004261420651871383
1092 0.004240374987342173
1088 0.004223697016109135
1084 0.004196907272853945
1080 0.004197562995276042
1076 0.004271841087741681
1072 0.004178597893138947
1068 0.004171094040989253
1064 0.004296960773299304
1060 0.004243575278978899
1056 0.004318938755711522
1052 0.004220249695668212
1048 0.004190243303883347
1044 0.004157417078795258
1040 0.003827030492867214
1036 0.003765157119288938
1032 0.00333041644408376
1028 0.003321514574351727
1024 0.003239176310336517
1020 0.003166511142644535
1016 0.003139336515934558
1012 0.00313187816275494
1008 0.002966347063080989
1004 0.002725618502803026
1000 0.002747672967056874
996 0.002591806122432672
992 0.002544658455748353
988 0.002496403059976947
984 0.002232225528601665
980 0.002040918472064499
976 0.001903755393154461
972 0.001724363696157549
968 0.00153121621932766
964 0.001204931029845776
960 0.00106560910700523
956 0.001098456012859708
952 0.001216158927430887
948 0.001392983456385386
944 0.001543794114532551
940 0.001689176146158637
936 0.001845945619851894
932 0.001935416290071627
928 0.002218783046647947
924 0.002232184950794817
920 0.002146387335534478
916 0.00232044421662322
912 0.002369393921553013
908 0.0024778215614784
904 0.002757656794685794
900 0.00285338814355852
896 0.00298618089165857
892 0.003103245989386943
888 0.003116503445191776
884 0.002880324968476488
880 0.00298269353190823
876 0.003223756889141035
872 0.003328994709338383
868 0.003351701830317108
864 0.003423571960810975
860 0.003487704237052119
856 0.003566175573971129
852 0.003606462705401181
848 0.003654834643588854
844 0.003747484470617595
840 0.003821281242734474
836 0.003956142803044425
832 0.004028753459292624
828 0.00407263316235775
824 0.004378767316382717
820 0.00447478296324386
816 0.00463813176557946
812 0.004645569370372417
808 0.004696313938882674
804 0.004802239955226135
800 0.004975558412399162
796 0.005079715277736889
792 0.005043204755731439
788 0.005142375543250016
784 0.00529114210040473
780 0.004852925954971298
776 0.005029367033762272
772 0.005052396138850706
768 0.00520543743778714
764 0.005360919749418398
760 0.00540439039212922
756 0.005558547140820235
752 0.005615113477497367
748 0.005583656562870281
744 0.005705193081784489
740 0.005662555959453413
736 0.005688481133007556
732 0.005606981764882349
728 0.004636551617051117
724 0.00408924768989661
720 0.003628796080902853
716 0.003610663751523222
712 0.003581216211792206
708 0.003591656221359128
704 0.003424308381556977
700 0.003207809395063941
696 0.003014399363003844
692 0.002068740218086253
688 0.00192740445966932
684 0.001559131880363483
680 0.001377852031253588
676 0.001259804616983529
672 0.001085800209553605
668 0.0007333665712953453
664 0.0006929890600999592
660 0.0009284095056928903
656 0.001111883155463039
652 0.001463859248085059
648 0.001754352282781204
644 0.001989478885405942
640 0.002285151734392673
636 0.00239758587510157
632 0.002387517298623445
628 0.003314350734117841
624 0.003781525930744788
620 0.003877063493912627
616 0.00403922565367567
612 0.004162617014577096
608 0.004224432609428798
604 0.004290190699057444
600 0.006078242938098663
596 0.00616827741086153
592 0.00620332432560094
588 0.006254632917950694
584 0.006278260627009689
580 0.006314179130500721
576 0.00683365147590121
572 0.006919519290425648
568 0.007427187658798964
564 0.008112393408493944
560 0.008150813093353998
556 0.008604899887557547
552 0.009129630700696922
548 0.009798544758159033
544 0.00986094978177722
540 0.009803177029015347
536 0.01030083174769121
532 0.01063613135469572
528 0.01142225285992481
524 0.01156437921329211
520 0.01178666612115352
516 0.01213685821825011
512 0.01226666320431837
508 0.01215957912664135
504 0.01237087175888645
500 0.01343462876819228
496 0.01278313351051673
492 0.01253417895350378
488 0.01199232888821981
484 0.01158238450133425
480 0.01143207148578657
476 0.01131739831667262
472 0.01108575399319596
468 0.01112804053437156
464 0.01103961659903933
460 0.01057604476151331
456 0.01035643065190353
452 0.01029324412813661
448 0.01020936836195152
444 0.009874817127182717
440 0.009521317680548752
436 0.009478351593694596
432 0.009523019223906351
428 0.00924079116947308
424 0.009211786637493002
420 0.00910459531438438
416 0.008621638757266813
412 0.008648436678561315
408 0.008311080056602693
404 0.008238010762537882
400 0.008537960778791971
396 0.007679970639428298
392 0.007332486028511047
388 0.004250662774674662
384 0.003705225068371731
380 0.003417488797692564
376 0.00326172771831295
372 0.002237663893316072
368 0.00157294135599518
364 0.002172994277194096
360 0.003674819006162982
356 0.004883655718158233
352 0.006058894794740315
348 0.006542822979140768
344 0.00734425136438735
340 0.009013720076832141
336 0.009936654541233741
332 0.01046634287460658
328 0.01128208955900192
324 0.01134746301436802
320 0.01233138247207787
316 0.01265590437923898
312 0.0130050101163225
308 0.01365322256660188
304 0.01518025885392038
300 0.01468209868288614
296 0.0152316688058985
292 0.01549787753908851
288 0.01607508702762931
284 0.01639840537721379
280 0.01718232078991656
276 0.01803450115232988
272 0.01840371581915352
268 0.01913964684498964
264 0.01907625674811561
260 0.01946839376930848
256 0.01995073648044314
252 0.02054603272923912
248 0.02085672465578103
244 0.02069816337311928
240 0.02117705904583097
236 0.02070684561223783
232 0.02041544129791356
228 0.01973635595332768
224 0.01914168964880708
220 0.01915249973028751
216 0.01923864081629899
212 0.01478545667897569
208 0.002635636320196665
204 0.003324605061304371
200 0.005614655228491497
196 0.006723035177715081
192 0.01235525951987165
188 0.0147226246165336
184 0.01843112851579351
180 0.02376444309403733
176 0.03093700975086182
172 0.04044059294596575
168 0.04216523017641375
164 0.04442887543679162
160 0.0488591982297368
156 0.05191139184832146
152 0.05244675717821306
148 0.06081353013278468
144 0.06534374175924791
140 0.07417696575709834
136 0.07698076808203498
132 0.09465343091906277
128 0.1005706844445388
124 0.1207997403422108
120 0.1260735934108771
116 0.1342608619706491
112 0.145212256615193
108 0.1473707602961353
104 0.1546974954853725
100 0.1615490294546625
96 0.1713707628066663
92 0.1763329778843394
88 0.1871660971283332
84 0.1904264396025958
80 0.1948404802045881
76 0.202379192282092
72 0.2046925461952949
68 0.2094581242966879
64 0.2037642867198849
60 0.2024758772123144
56 0.2033431969432983
52 0.1845702092761942
48 0.1816653754005261
44 0.169218561025287
40 0.1574782944741098
36 0.1429649594730516
32 0.05787251416406031
28 0.07833796991434498
24 0.1537680873111326
20 0.2056415209129609
16 0.3579133576594276
12 0.4338208892109346
8 0.4844222795425387
4 0.6802958375518647
