1200 0.01945208204758726
1196 0.01917848961250211
1192 0.01885856600248329
1188 0.01708581546162661
1184 0.01743138719378587
1180 0.01748918324674268
1176 0.0176473527874273
1172 0.01790565197422668
1168 0.01790332836879676
1164 0.01832396446148969
1160 0.01832070335243819
1156 0.01822055672334028
1152 0.01800883180839074
1148 0.017549076256332
1144 0.01700876664086343
1140 0.01626120229743916
1136 0.01633391428990974
1132 0.01658266468717161
1128 0.01580435191561025
1124 0.01554148492913736
1120 0.01467563969501993
1116 0.01421129500249241
1112 0.01420516926079819
1108 0.01310148797198849
1104 0.01276899438002976
1100 0.01267201330258291
1096 0.0122594286242492
1092 0.0117897024925273
1088 0.01262880960992161
1084 0.01239520455252316
1080 0.01248374691986463
1076 0.01224155467601194
1072 0.01217099895327966
1068 0.01254212283168924
1064 0.01342636147691507
1060 0.0138426473831073
1056 0.01397092529429009
1052 0.01421745382809608
1048 0.01438268131638685
1044 0.0150412781583404
1040 0.01588290681729767
1036 0.01610644615884609
1032 0.01725310846369569
1028 0.01743608034663565
1024 0.01793827285532843
1020 0.01858864876622351
1016 0.01871749802259637
1012 0.01877974246274015
1008 0.01893816859585959
1004 0.01894642711249461
1000 0.0187808308771578
996 0.01864967166132533
992 0.01845772242431756
988 0.01859845896495536
984 0.01800006091420957
980 0.01809015301111108
976 0.01760307150343112
972 0.01740824881432199
968 0.01699795346744356
964 0.01617171656848886
960 0.01598777386032879
956 0.01568171208411451
952 0.01339363941256527
948 0.01483184239339892
944 0.01529139444551145
940 0.01491016858440277
936 0.01550246185085328
932 0.0158795956455988
928 0.01649800287404481
924 0.0166212017421388
920 0.01555032489516497
916 0.01524176189036542
912 0.01626320306544107
908 0.01811614078913092
904 0.01799995683008887
900 0.01967510746700843
896 0.0193231765998509
892 0.01981954780296542
888 0.02060925210607329
884 0.01933862297693835
880 0.01966464821435726
876 0.02042504069612791
872 0.02121052047986681
868 0.0213220557507284
864 0.02126145328571202
860 0.02102470465732295
856 0.02071189565063863
852 0.0200168460288479
848 0.02252917014386742
844 0.02237594096264764
840 0.02232959246165912
836 0.02110870905779796
832 0.02103924928517865
828 0.02112223921892581
824 0.02093119760800253
820 0.01653241721250043
816 0.01659481911649716
812 0.01638401006020539
808 0.01680283323533093
804 0.0156307543490875
800 0.01563127833926367
796 0.01643466219289001
792 0.01717624760831108
788 0.01727621981417141
784 0.01729770357574004
780 0.02128635096871487
776 0.02148796872526607
772 0.0242533033849073
768 0.024269282538261
764 0.02583641003132647
760 0.02680172928806954
756 0.02834179510874461
752 0.02932366386920309
748 0.0298793427469287
744 0.03041000359675139
740 0.03103150281666515
736 0.0306950618120004
732 0.03003854596372228
728 0.02913223535319707
724 0.02877061593556336
720 0.03070928448674055
716 0.03035671585765369
712 0.02958480641919126
708 0.02868238658125469
704 0.02717658331320891
700 0.02714332765249986
696 0.02709651702488149
692 0.02750665002458534
688 0.02796477336394272
684 0.03002421764311517
680 0.03046418903656673
676 0.03049813309606792
672 0.03056532300256405
668 0.0328271836579038
664 0.03478866044516062
660 0.03500054291858053
656 0.03547314888144892
652 0.03768176129998215
648 0.03558872594258829
644 0.03556535201930171
640 0.03500907211053095
636 0.0354791475696265
632 0.03539256008360599
628 0.03502225632599427
624 0.0365201059834562
620 0.03741883523759675
616 0.03759168994963369
612 0.03772949826408449
608 0.03815947230992532
604 0.03779475752229589
600 0.03984138702408396
596 0.04044550128092805
592 0.04039123368373366
588 0.0387663345458865
584 0.03685767659590444
580 0.03529696491488857
576 0.03872266799716589
572 0.03843082821238858
568 0.03682306637537869
564 0.03392100628825188
560 0.03319732308760275
556 0.03268154555480692
552 0.03331174764925143
548 0.03026598167606353
544 0.02863741467577964
540 0.0289335073129709
536 0.02859700553573917
532 0.02964448452557621
528 0.03269146917432645
524 0.03301013025982881
520 0.03437778709492526
516 0.03310307839644325
512 0.03362819964639843
508 0.03334664871030973
504 0.03475024986119547
500 0.03510425640309858
496 0.03430052345563137
492 0.03355062036097169
488 0.03320457397412328
484 0.03683300585939066
480 0.0351305819416752
476 0.03533387275695204
472 0.03668264003189521
468 0.03583121446196422
464 0.03423883528564105
460 0.03097727279559593
456 0.03242661359560958
452 0.03072318747172753
448 0.03147141485137282
444 0.0321992045422761
440 0.03349272183688114
436 0.03914058968355642
432 0.04537355614195426
428 0.04766395717065075
424 0.04749826270089035
420 0.0461189177706283
416 0.04444674790445032
412 0.04397788806657952
408 0.04416497899222082
404 0.04711169420120818
400 0.04150026858637143
396 0.0436759536534636
392 0.04385110784991324
388 0.04409967863441999
384 0.04121716197934713
380 0.04287954731719304
376 0.04362129570012465
372 0.04487384812783302
368 0.04412531118709209
364 0.04680653521733297
360 0.04754589363326117
356 0.06263270246852627
352 0.0960567374257635
348 0.09422879941642265
344 0.0969068908570848
340 0.1030105219560957
336 0.1043459758724437
332 0.1083447605860267
328 0.1056021700461327
324 0.08425761611661273
320 0.05728293997652646
316 0.05308686776677032
312 0.04973805012758268
308 0.04773208279590065
304 0.04372087620965315
300 0.04329498928293756
296 0.04259389870682857
292 0.05503818074760469
288 0.06672150727991454
284 0.06965825396268099
280 0.07659227208638573
276 0.08292391559243138
272 0.08346139831209597
268 0.06818412111204786
264 0.06622065240404421
260 0.03541915955571699
256 0.03758867355536114
252 0.03758838213185261
248 0.03576642342993103
244 0.04339701198192603
240 0.05162689490430464
236 0.05207377031084204
232 0.05079567401220404
228 0.05506730598757396
224 0.05867320181606701
220 0.06368327723169152
216 0.06500588327382956
212 0.06542031164643113
208 0.09355176808988357
204 0.0939370014245047
200 0.1125861258622589
196 0.1122502172814492
192 0.1240966469124529
188 0.1612000218632795
184 0.1679329235153509
180 0.1719118483597406
176 0.1728858179951724
172 0.1746065386420255
168 0.1922345072968459
164 0.2014655018952986
160 0.1436880524514196
156 0.1120729367052521
152 0.1249193042962511
148 0.1278290658045274
144 0.1513096777128996
140 0.136843635406809
136 0.1441112947065342
132 0.1956311195973747
128 0.2176233601144386
124 0.1817553020095866
120 0.1742891551419966
116 0.1502010078392566
112 0.1995034688765146
108 0.188640791607457
104 0.2154906275894395
100 0.2218214791459061
96 0.2466149151342363
92 0.2551507541114956
88 0.2462198827618406
84 0.2472052729236128
80 0.3053282062205349
76 0.3149554250408572
72 0.3562273797758309
68 0.4307913651096829
64 0.335593607864875
60 0.3834182456684206
56 0.3939492779756891
52 0.4079006100242031
48 0.4167433999629014
44 0.4490128099136889
40 0.4174820698744651
36 0.4694958807643814
32 0.6302752945825651
28 0.7842161799488671
24 0.7926995353300383
20 0.9355502137849473
16 0.9464308521980269
12 0.6938430107261404
8 0.5076816289934988
4 0.5899265252614984
