1200 0.02191197718977121
1196 0.02231335573336504
1192 0.02226108022267176
1188 0.02197524396196276
1184 0.02221518449907847
1180 0.02251385851191905
1176 0.02271837890829105
1172 0.02312857834507773
1168 0.02314476867951664
1164 0.02308516835676535
1160 0.02324351682065815
1156 0.02298258342428186
1152 0.02269616231358098
1148 0.02213088104414619
1144 0.02153620660105757
1140 0.02025808769782896
1136 0.02043147849880631
1132 0.02061181625073745
1128 0.01987718562317838
1124 0.01973284796677381
1120 0.01960449927518831
1116 0.01782489251192943
1112 0.01711664394065455
1108 0.0161966548407241
1104 0.01547754464595101
1100 0.01565301365908201
1096 0.01538710023166682
1092 0.0153397928043241
1088 0.01528139193001063
1084 0.01491484487230011
1080 0.01490582755197693
1076 0.01504086094110064
1072 0.01438064730821858
1068 0.01417553470258516
1064 0.01489240761743668
1060 0.0151028910398884
1056 0.01576389371555019
1052 0.01603796612738334
1048 0.0163744251990905
1044 0.01728260466187216
1040 0.01762773083493415
1036 0.01816488726833489
1032 0.01901097918837688
1028 0.01977269105694404
1024 0.01993970120218461
1020 0.02021899958975056
1016 0.0207065430001733
1012 0.02085078692281204
1008 0.02058660984382802
1004 0.02032283170162119
1000 0.02045533690938313
996 0.02044348574138061
992 0.02062424954121997
988 0.02048306300642512
984 0.01952776258482829
980 0.01785029978582271
976 0.01699883947240947
972 0.01726629449912469
968 0.0163637609905236
964 0.01579750051774995
960 0.01506458434869671
956 0.01436770853274538
952 0.01247009201910804
948 0.01336313217242315
944 0.01336005783392863
940 0.01300816779548573
936 0.01333643266233498
932 0.01377912092258516
928 0.01353529554535682
924 0.01369681476658337
920 0.01342479184993577
916 0.01363258383150231
912 0.01447812184319738
908 0.01596728084822748
904 0.01721926886797998
900 0.0182425942492123
896 0.01828322239660779
892 0.01893930082365347
888 0.01971640570596837
884 0.02101023459747378
880 0.02234922481368912
876 0.02319613106748402
872 0.02336307049579659
868 0.02349034332181737
864 0.02339678256028847
860 0.02302915699558101
856 0.02308218487773413
852 0.02266748822559557
848 0.02265662836215515
844 0.02330238499051268
840 0.02345846340619078
836 0.02283009790060208
832 0.02131631640028355
828 0.02006092567100166
824 0.01982695488088733
820 0.0182237520083204
816 0.01855717689979234
812 0.0182367119273338
808 0.01810677422752931
804 0.01676252487625221
800 0.01692711543801496
796 0.01695585525292456
792 0.01736425011230822
788 0.0180332728309495
784 0.01909211164349382
780 0.0210018088934076
776 0.02106783218202347
772 0.02285623809442346
768 0.02310382367504838
764 0.02464876890748692
760 0.02576020349607155
756 0.02758200841966432
752 0.03014859870540797
748 0.03148565776436221
744 0.03300999107909002
740 0.03466923999876191
736 0.03532377295841606
732 0.03540010996644587
728 0.03508829014856094
724 0.03520867982034893
720 0.03734780915113353
716 0.03671517872487765
712 0.03483839236770524
708 0.03459799735830685
704 0.03342356749029531
700 0.03294490775975725
696 0.03299891671047521
692 0.03212915242440183
688 0.02999852639566864
684 0.03004263896838529
680 0.02939180485508683
676 0.03021808681818651
672 0.02895068330825373
668 0.02869682895953091
664 0.02881038408364388
660 0.02910728349012911
656 0.03032444116438375
652 0.03284031247382886
648 0.03342717844768187
644 0.03356737410349851
640 0.03490517152892095
636 0.0355205321494281
632 0.03584606564294274
628 0.03885162385932291
624 0.04141698028968929
620 0.04207196601581798
616 0.04327484660685715
612 0.04388126257026961
608 0.04376161308559371
604 0.04333109736965894
600 0.04394766021721146
596 0.04448837337094964
592 0.04458137336707842
588 0.04171091565570871
584 0.0390228012415561
580 0.03744995082207362
576 0.03691233921780479
572 0.03668769499858095
568 0.03480865147020491
564 0.03224132640468456
560 0.03162286180607592
556 0.03026694615301539
552 0.0296970674098544
548 0.02926078529684139
544 0.02915750770045724
540 0.02896953393956388
536 0.02973875525081986
532 0.03181358782801948
528 0.03388965912439012
524 0.03472412818242662
520 0.03587861950817764
516 0.03843429559780953
512 0.04058161341039999
508 0.04037466851171928
504 0.04104249706870488
500 0.0424592387444865
496 0.04276875361541119
492 0.04174185408173087
488 0.04244444043858089
484 0.04250516412617694
480 0.04203973555309984
476 0.04055692463157877
472 0.03533384537643466
468 0.03266174333304683
464 0.03259222213483014
460 0.03204584114278573
456 0.02964075300531269
452 0.02735526276181002
448 0.02500326574245335
444 0.02619768564917146
440 0.02892113721030102
436 0.02759190873683496
432 0.03071862983563806
428 0.03111701918400868
424 0.0328822194804368
420 0.03477329369557682
416 0.03590629357791228
412 0.03710735873763519
408 0.03993022306246596
404 0.04119992614772101
400 0.0425556215537588
396 0.04426826710126319
392 0.0441614785967244
388 0.04327914120661378
384 0.04122416872051254
380 0.03722651938931384
376 0.03744983970083491
372 0.03612235053021858
368 0.0330382837537471
364 0.03258643846830623
360 0.03443671838053575
356 0.03675492155496977
352 0.04278300047994473
348 0.04162837983779968
344 0.04348213547515346
340 0.04705192451617055
336 0.04795895696518512
332 0.04934200449300298
328 0.04883562462520243
324 0.04185888478960961
320 0.03370100567093068
316 0.03612890157926751
312 0.03510058449603543
308 0.03440245442605452
304 0.03391333516706034
300 0.03121826857683225
296 0.03153948743691343
292 0.03334485068748193
288 0.03605563981644284
284 0.03777063665136472
280 0.04123695414359427
276 0.04487916236952189
272 0.05114155596872351
268 0.04527549862686109
264 0.04264170366484858
260 0.02923303550241585
256 0.02659819513156281
252 0.02598351493433181
248 0.02594455959089051
244 0.03050545755866045
240 0.03544206919538345
236 0.04008920545664698
232 0.03850652046059681
228 0.04236378619959587
224 0.04055829236600707
220 0.04168087512845709
216 0.04453504786851729
212 0.0502319862967851
208 0.05418930559252531
204 0.05502412595452039
200 0.0790685646016857
196 0.08040410039395127
192 0.08970629078885255
188 0.09465844712763692
184 0.1123157184833141
180 0.1200477937029578
176 0.1073984425234715
172 0.103865649362023
168 0.113277445780218
164 0.1244999154913469
160 0.1149128418309029
156 0.09573891265410638
152 0.09006329823784126
148 0.09253564685040488
144 0.09428485420228287
140 0.09540967319646168
136 0.09065367311130688
132 0.118299699537065
128 0.119606768010221
124 0.1584881159233935
120 0.1612202777921055
116 0.1293317629782785
112 0.1341658921416913
108 0.1229137604097066
104 0.1456005550065806
100 0.1584496717117768
96 0.1949095570558266
92 0.2031320010874234
88 0.2225610943666638
84 0.176215636563426
80 0.1792471170391548
76 0.2432436266193532
72 0.3579625375793989
68 0.3792587199692801
64 0.3397004052693528
60 0.3546255773156308
56 0.3730549495317504
52 0.3657082723120833
48 0.3747857217532019
44 0.4451450869825053
40 0.4330169166277806
36 0.4539720397573434
32 0.5390176825244306
28 0.618630679973565
24 0.6565138823807959
20 0.6884510241952628
16 0.6802475430874404
12 0.5538944588611096
8 0.4723289741763212
4 0.52514343072902
