400 0.1612861112704859
396 0.1622619873446939
392 0.1631899671754311
388 0.1637652643953439
384 0.1646726528949926
380 0.1658200584672163
376 0.1667679015517528
372 0.1681648963203836
368 0.1701158207517188
364 0.1713934093070304
360 0.1727581126396615
356 0.174316477597654
352 0.176411338427573
348 0.1777554701948853
344 0.1792531395720672
340 0.1808183413587264
336 0.1825509274326077
332 0.18419450751304
328 0.1857483582627537
324 0.1870744271327455
320 0.1882959324774923
316 0.1897545496676191
312 0.1913242306133456
308 0.1930055204084528
304 0.1947821481152695
300 0.1975706123441285
296 0.1996254876467138
292 0.2021925854116938
288 0.2044032585469806
284 0.2061296882206636
280 0.2080712246371269
276 0.2104648075880253
272 0.2135360475017936
268 0.2155801638254241
264 0.2177151906867361
260 0.2193201314143537
256 0.2212081549629052
252 0.2236226937350054
248 0.2255014366943961
244 0.2284559315682927
240 0.2318576764770925
236 0.235053665141846
232 0.2395119914765154
228 0.2425134535526264
224 0.2457742287778516
220 0.2498685450458763
216 0.2534919194799323
212 0.2574338205599482
208 0.2603732830412233
204 0.2638761587343992
200 0.2670692466544262
196 0.2717769945819778
192 0.2751834516003604
188 0.2797165642060449
184 0.2844904821810963
180 0.2902802597561697
176 0.2943511968408629
172 0.2994618629484336
168 0.3072459843110801
164 0.3128711041720418
160 0.3192587076478208
156 0.3266667169964994
152 0.3312790938234468
148 0.3373122120420827
144 0.344460151444358
140 0.3518735413043326
136 0.358272374427793
132 0.3668538343196677
128 0.3756993326031866
124 0.3838709017344939
120 0.3915057502912623
116 0.4018095541198209
112 0.4134989126807453
108 0.4199294235382023
104 0.4336653581907561
100 0.4424082908106351
96 0.4552162131255506
92 0.4656264676612009
88 0.4854320066451041
84 0.4929680941896984
80 0.5174790720435589
76 0.5290573026652757
72 0.544799058989781
68 0.5576694998439204
64 0.5778750084935684
60 0.591722337593925
56 0.6190006652876671
52 0.6480709334037313
48 0.6617899565882385
44 0.6832925469929897
40 0.7057834970202098
36 0.7323442208341161
32 0.7606539231479692
28 0.8004642392117092
24 0.8150549564805643
20 0.8436322296510141
16 0.87251950415101
12 0.9016082918784868
8 0.9226163787766644
4 0.9511061203519414
