400 0.3346270312492141
396 0.3361986219039506
392 0.3353906581504399
388 0.3346112938457499
384 0.333088439084324
380 0.3338879731200763
376 0.3335063482163271
372 0.3344906961292272
368 0.3346263122644031
364 0.3339086509121831
360 0.3339683974727646
356 0.3356132516934351
352 0.3403013822987407
348 0.3463725824199216
344 0.3483715220184432
340 0.3511396579843063
336 0.3531987329679784
332 0.3643322252122915
328 0.364205861441018
324 0.3625972391528232
320 0.3615559155843373
316 0.3619029101340494
312 0.3600666967738702
308 0.3620640345024773
304 0.3636433656512853
300 0.3643137287119206
296 0.3619658473945747
292 0.3661712654941122
288 0.3729918405984272
284 0.3744243108365472
280 0.3760289594457858
276 0.38006013561949
272 0.3974724980348667
268 0.3983280709511814
264 0.3975218714037738
260 0.3965597598028932
256 0.3963456258912907
252 0.3991059845008316
248 0.3995001968100139
244 0.4003282463696286
240 0.3982704949854642
236 0.3998063051342496
232 0.402082117530259
228 0.40347847278131
224 0.4064136040518659
220 0.4051788891358774
216 0.4331427713033582
212 0.4341457282747028
208 0.4290852628224557
204 0.4283515341513224
200 0.4312211016747441
196 0.4296332929260666
192 0.4316854303036666
188 0.436320371376705
184 0.4341443511297148
180 0.4320999074255659
176 0.4335653436006822
172 0.435509628179332
168 0.4705339835851606
164 0.4724627179854403
160 0.4708750669780129
156 0.46953028061841
152 0.481313550524353
148 0.4857054015678259
144 0.4919068550289434
140 0.4967535299869023
136 0.5261113360563398
132 0.5333200661948304
128 0.5385006782828273
124 0.5771619192569704
120 0.5768428556674978
116 0.5867337566689562
112 0.5956977667655063
108 0.6079172967217823
104 0.6272523444381856
100 0.6383888104761332
96 0.6541605658645963
92 0.6645200696823363
88 0.7275939040182975
84 0.7263674575310521
80 0.7294220180128844
76 0.7426941072991518
72 0.7677838016361671
68 0.7670575265674658
64 0.769913875815357
60 0.7769158755459956
56 0.8483622493278523
52 0.854639115360027
48 0.8669999453014916
44 0.8804424164931461
40 0.9005048978437303
36 0.9042471026907326
32 0.9555796172780741
28 0.9534602258680195
24 0.9821306890536238
20 0.9778170859784904
16 0.9950666962020812
12 0.9977213350785837
8 0.9966247620481373
4 0.9988495722370405
