400 0.05295139312352558
396 0.05341528481397813
392 0.05362316917555875
388 0.05406969770769143
384 0.05443135543632073
380 0.05468959856353137
376 0.05522518791167002
372 0.05544668043888139
368 0.05560554363564338
364 0.05590704140753446
360 0.05604639884669714
356 0.05641054129949687
352 0.0583001823437349
348 0.06048967946362654
344 0.06087237554258073
340 0.06191970429817251
336 0.06233010098784497
332 0.06598834040050672
328 0.06613859208128782
324 0.06640894437815659
320 0.06660487127475923
316 0.06687336331087849
312 0.06717327845908175
308 0.06764433715856961
304 0.06785147004649804
300 0.06802346677390095
296 0.06796801484055409
292 0.06820154328923522
288 0.07445002057326643
284 0.07473994227653988
280 0.0759314144580958
276 0.07641921268954049
272 0.08347892026434693
268 0.0836489146476105
264 0.08352570565701327
260 0.08352375354995806
256 0.08406340206297459
252 0.08547824979411044
248 0.08595165070237051
244 0.08671312107373952
240 0.08855682876045111
236 0.08963557059032308
232 0.1010486043291248
228 0.1018849516943315
224 0.1027072130367854
220 0.1048967367413547
216 0.1203453480815955
212 0.1205769459806139
208 0.1207622657806102
204 0.1214049679795638
200 0.1235652388725906
196 0.1245891566870353
192 0.1270617591839758
188 0.1334843800688832
184 0.1368464989173695
180 0.1575173796060661
176 0.1601024619005509
172 0.1668145745291459
168 0.1969793580936922
164 0.1992358787937505
160 0.2020070144111088
156 0.2040199469915673
152 0.2083788172970288
148 0.2122573866160984
144 0.22579052338356
140 0.229459125092424
136 0.2600794132660603
132 0.2697623199297846
128 0.2795277226858284
124 0.3288289337431534
120 0.3367881524659411
116 0.3460891424036313
112 0.3579373965963043
108 0.3631253052865803
104 0.3797751750635935
100 0.3862185189590903
96 0.417592350638305
92 0.4403271266744763
88 0.504268494561763
84 0.5143626666098163
80 0.5267915344766038
76 0.5410550236729756
72 0.5686264476440108
68 0.5781313565373331
64 0.6287691234581074
60 0.6357074712671238
56 0.6947619329824885
52 0.722707145336676
48 0.7357314395931206
44 0.7435962617262202
40 0.7925201310922262
36 0.8183949571669973
32 0.8721367968547277
28 0.8794997374829447
24 0.9065969082183286
20 0.9204037859993278
16 0.9642293687908825
12 0.9726631863606985
8 0.9705702677198389
4 0.9959253738158843
