400 0.04908161533096787
396 0.04958407899524672
392 0.0500968177192279
388 0.05038796276725433
384 0.05081853296293138
380 0.05104822597489859
376 0.05128479703213099
372 0.05156649434675875
368 0.05260506930202007
364 0.05284841299573781
360 0.05312929549020262
356 0.053531048019501
352 0.0548505844859194
348 0.0553301064940355
344 0.0556967110524654
340 0.05633625843290395
336 0.05746714817902786
332 0.05822171412383387
328 0.05886608446813742
324 0.05963074441311976
320 0.06055872400262702
316 0.06091209139209301
312 0.0611603929197656
308 0.06166144282663256
304 0.06215282081404575
300 0.0632936029063296
296 0.06357010814885129
292 0.06497681569702687
288 0.06608146810546581
284 0.06622050346450055
280 0.06638450300150966
276 0.06695261881974697
272 0.06959867139467925
268 0.07012813849640062
264 0.07136588005823975
260 0.07484729992901039
256 0.07527370755009566
252 0.07616066837660695
248 0.07790808400236472
244 0.08031726901586136
240 0.08222342922673044
236 0.08342026971106187
232 0.08802547320086021
228 0.08881392078580812
224 0.08993370214243809
220 0.09399750074265907
216 0.09645061389206373
212 0.09932440608264477
208 0.1025279048707324
204 0.1078641528437175
200 0.1090231111838111
196 0.1128302063211098
192 0.1187644649927242
188 0.1238294750997583
184 0.1265411261458033
180 0.1354420437596086
176 0.138894300238699
172 0.1433957053367138
168 0.1561656104800793
164 0.161355517089926
160 0.170308919499179
156 0.1827520676548804
152 0.18551037488226
148 0.1932419590511316
144 0.202006026092095
140 0.2101834133359829
136 0.2199385731710963
132 0.2331785239613812
128 0.2497640406658472
124 0.2628417831404884
120 0.2744410879733654
116 0.2978165562667914
112 0.3166680358335098
108 0.3243738965568228
104 0.3459111819324498
100 0.3552440904735327
96 0.3741908045559805
92 0.3858175156111661
88 0.4210931255309302
84 0.4313514610774086
80 0.4828788525674441
76 0.4993807936245253
72 0.5234664579705882
68 0.5419981286210453
64 0.5683691997497223
60 0.5859489872381964
56 0.6260731326464404
52 0.6773775574672288
48 0.6912868912882288
44 0.7237538333280883
40 0.7524438450557007
36 0.7857601271659351
32 0.8196058569271174
28 0.8620919185227318
24 0.874658140236738
20 0.9026226395943433
16 0.9340148337379091
12 0.9626814831556355
8 0.9669885995259249
4 0.99062717950222
