1200 0.1624802054223048 0.1624690845527244 0.1673526808091787 0.1673815903571882 0.1624690845527251 0.1624575674449453 0.167344312062948 0.1673738156134653 0.1673526808091795 0.167344312062948 0.1722811842972337 0.1722978372702955 0.1673815903571881 0.1673738156134655 0.1722978372702954 0.1723078159847777 
400 0.1624802054223048 0.1624690845527244 0.1673526808091787 0.1673815903571882 0.1624690845527251 0.1624575674449453 0.167344312062948 0.1673738156134653 0.1673526808091795 0.167344312062948 0.1722811842972337 0.1722978372702955 0.1673815903571881 0.1673738156134655 0.1722978372702954 0.1723078159847777 
396 0.1629176106789008 0.1629063568976519 0.168423757827501 0.1684530706284995 0.1629063568976528 0.1628947503646429 0.1684157736548862 0.1684456712984676 0.1684237578275016 0.1684157736548848 0.1726374128362838 0.1726585120639015 0.1684530706284998 0.1684456712984685 0.1726585120639009 0.1726729138934935 
392 0.164460511555411 0.1644489152387242 0.1688979254316137 0.1689764157172975 0.1644489152387241 0.164437085429941 0.1688899783649173 0.1689089235303656 0.1688979254316129 0.1688899783649183 0.1730654040440704 0.1730793574264252 0.1689764157172982 0.1689089235303661 0.1730793574264254 0.1730860518415216 
388 0.1648346495386746 0.1648247588354765 0.1700933989852837 0.1701229715436919 0.1648247588354762 0.1648143955230363 0.1696088523848894 0.1696493254812604 0.1700933989852845 0.169608852384889 0.1732513078984043 0.1735145855002529 0.170122971543693 0.1696493254812604 0.173514585500252 0.1737638391334207 
384 0.1673821055567026 0.1673734191848381 0.1711310037431986 0.1711622765950512 0.1673734191848384 0.1673630419533536 0.1711242972750955 0.1711556798061738 0.1711310037431995 0.1711242972750959 0.1740384777706787 0.1740567857234553 0.1711622765950512 0.1711556798061744 0.1740567857234559 0.1740680931553493 
380 0.1683155409048293 0.168305387387378 0.1716545826491428 0.171666320067983 0.168305387387378 0.1682957214188737 0.1716495609786966 0.1716615565458556 0.1716545826491418 0.1716495609786962 0.1748820392285246 0.1748865380589115 0.1716663200679839 0.1716615565458558 0.1748865380589117 0.1748848323319088 
376 0.1688352938717521 0.1688248108879122 0.1719393895982026 0.1719612415758171 0.1688248108879125 0.1688133315351232 0.1719336762703989 0.1722722933112266 0.1719393895982027 0.1719336762703974 0.1758124089217581 0.175832902875601 0.1719612415758173 0.1722722933112275 0.1758329028756012 0.1758478179458589 
372 0.169938191028654 0.1699277051711462 0.1727274553699451 0.17277507021647 0.1699277051711467 0.1699169241295104 0.1727233808787582 0.172771427510744 0.1727274553699454 0.1727233808787572 0.1766464890088562 0.1766674417533856 0.1727750702164703 0.1727714275107449 0.1766674417533852 0.1766814850206449 
368 0.1743518773275131 0.1743394047165674 0.1754988807065633 0.1755532382415978 0.174339404716567 0.1743270235653249 0.1754910247953554 0.1755461363429334 0.1754988807065631 0.1754910247953552 0.1773253057212317 0.1773299653068141 0.1755532382415969 0.1755461363429348 0.1773299653068143 0.1773310280490947 
364 0.1750050383836484 0.1749930035150636 0.1761474345768007 0.1761969345843359 0.1749930035150646 0.174980014173071 0.1761383344804223 0.1761296320110478 0.1761474345767998 0.1761383344804222 0.178319003373623 0.1783314363730549 0.1761969345843352 0.1761296320110492 0.1783314363730546 0.1783413407489076 
360 0.1756763268907388 0.1756630100031902 0.1767770797160306 0.1768444757771228 0.1756630100031903 0.1756478252890694 0.1767699648470374 0.1768376778530524 0.1767770797160303 0.1767699648470365 0.1792350777460193 0.1792513403483384 0.1768444757771233 0.1768376778530524 0.1792513403483386 0.1792592685467962 
356 0.1764339596195706 0.1764200737444477 0.1780796027485047 0.1781474642375808 0.1764200737444464 0.1764048086558718 0.1780747905040038 0.1781432594659487 0.1780796027485038 0.1780747905040033 0.1800937514500942 0.1801148817247386 0.1781474642375807 0.1781432594659488 0.1801205534824602 0.1801365496444433 
352 0.1770846676721059 0.1770721992509447 0.1823238854684402 0.1823874339399045 0.1770721992509449 0.1770571905554016 0.1823194314766795 0.1823841273356066 0.1823238854684396 0.1823194314766801 0.1842641441569964 0.1842945566436437 0.1823874339399049 0.1823841273356079 0.1843010461415024 0.1843239490643789 
348 0.1776534197665461 0.1776394887120522 0.18287598748383 0.1829464816343787 0.1776394887120526 0.1776244307755018 0.1828700388000224 0.1829414325952275 0.1828759874838304 0.182870038800022 0.1881958014218875 0.1882383979513529 0.1829464816343776 0.1829414325952278 0.1882383979513524 0.1882800249710587 
344 0.178275767739065 0.1782664242154908 0.1834847307119838 0.1835102776449456 0.1782664242154902 0.1782557544259626 0.1834779720640748 0.1845228097325464 0.1834367072212635 0.1834779720640742 0.1890526213729087 0.1890862796015062 0.183510277644946 0.1845228097325474 0.1890862796015069 0.1891175596530496 
340 0.1788454012093676 0.1792088162640539 0.1851761710612523 0.1852633014857582 0.1788379288701039 0.1791969216936884 0.1851689371032155 0.1852572933008898 0.1851761710612516 0.1851689371032144 0.1914134499795963 0.1914467671722229 0.1852633014857586 0.1852572933008901 0.1914467671722221 0.1914692482618975 
336 0.1801312631566372 0.1801201097921407 0.1887046408519665 0.1887855036849148 0.180120109792141 0.1801086092154366 0.1886971131761419 0.1887790230014981 0.1887046408519662 0.188697113176141 0.1923556972090565 0.1923750483927431 0.1887855036849137 0.188779023001499 0.1923750483927427 0.1923840119723694 
332 0.1807770290229788 0.180767803675834 0.1892101339137064 0.1892897541771513 0.1807678036758338 0.1807553384281234 0.1892051263004339 0.1892855321549614 0.1892101339137068 0.1892051263004331 0.1981725850905328 0.1981870009675406 0.18928975417715 0.1892855321549626 0.1981870009675406 0.198194905274096 
328 0.1831592778915823 0.1831484640518902 0.1898267562194728 0.1899121516114776 0.1831484640518893 0.1831364306745519 0.1898222714633073 0.1899085207534868 0.1898267562194718 0.1898222714633068 0.1985163358531786 0.1985401059177462 0.1899121516114782 0.1899085207534876 0.1985401059177455 0.1985580971755412 
324 0.1837418031377613 0.1852517577093581 0.1917933346158261 0.1918760132965766 0.1852517577093576 0.1852418498876391 0.1917889280270015 0.1918722494667898 0.1917933346158251 0.1917889280270011 0.1991502279754404 0.1991698412215529 0.1918760132965771 0.1918722494667904 0.1991698412215526 0.1991832752060484 
320 0.1875941800115064 0.1875836566517644 0.1936590490515061 0.193734284542715 0.1875836566517641 0.1875749737612085 0.1936553035468184 0.1937309974526335 0.1936590490515046 0.1936553035468177 0.1993809414861035 0.1994099750481313 0.1937342845427167 0.1937309974526352 0.1994099750481304 0.1994329001475309 
316 0.1888078449507629 0.1888005233527438 0.1944649167198411 0.1945174102847859 0.1888005233527447 0.1887912187936232 0.1944619876303022 0.1945148948107289 0.1944649167198396 0.1944619876303019 0.2003959457846584 0.2004069408203143 0.1945174102847867 0.1945148948107307 0.2004069408203137 0.2004116455192275 
312 0.1893981889408805 0.1893916305249083 0.1955243885173497 0.1955990323621021 0.1893916305249074 0.1893834112472468 0.1955218534894284 0.1955967993129114 0.1955243885173486 0.1955218534894278 0.2015522885880662 0.2015622686325245 0.1955990323621022 0.1955967993129132 0.2015622686325236 0.2015667521267464 
308 0.1907497335188973 0.1907422844168941 0.1984798315992727 0.1985465358560098 0.190742284416895 0.1907333206283505 0.1962734893942847 0.1963489210223501 0.1984798315992709 0.1962734893942841 0.2027966068999802 0.2023795785139472 0.1985465358560101 0.1963489210223516 0.2023795785139471 0.2028362549842707 
304 0.191482265602181 0.1914773996141296 0.1998460319014406 0.1998789804672652 0.1914773996141304 0.1914707255187533 0.1998376706918752 0.1999088537980823 0.1998460319014382 0.1998376706918742 0.2034203993068623 0.2034633399745591 0.1998789804672648 0.1998730632936148 0.2034633399745597 0.2035023977767742 
300 0.1965691444631155 0.1965625801043087 0.2006633928823408 0.2007361711459694 0.1965625801043103 0.1965533303710195 0.2006575282842521 0.2007310560595198 0.2006633928823386 0.2006575282842519 0.2041437733350466 0.2041782914978325 0.2007361711459697 0.2007310560595203 0.204178291497832 0.2042085224653958 
296 0.1975005356627705 0.1974948927080105 0.202199670887012 0.2018373840664205 0.1974948927080114 0.1974854198677636 0.2021949881653782 0.2018312704649494 0.2021996708870093 0.2021949881653781 0.2057118142454051 0.2057398319762327 0.2018373840664212 0.2018312704649509 0.2057398319762327 0.2057649224342993 
292 0.1984903264384622 0.1984848960493078 0.2075727163752045 0.2076681425597198 0.1984848960493095 0.1984757912948444 0.2030760180997236 0.2076622712155264 0.2075727163752035 0.2075651139638524 0.207036377973189 0.2070588041234392 0.2076681425597194 0.2076622712155295 0.2070588041234394 0.2070766268545808 
288 0.1996383957480322 0.1996370273918318 0.2085439981056627 0.2086252485814256 0.1996370273918321 0.1996328718332811 0.2085372753196997 0.208619818156336 0.2085439981056605 0.2085372753196984 0.2166665095582922 0.2167010214383336 0.2086252485814255 0.2086198181563382 0.2167010214383345 0.2167261338976478 
284 0.2004509438643143 0.2004490695988658 0.2094747971544254 0.209553329277389 0.2004490695988675 0.2004437425290277 0.2094690426320405 0.2095485881104336 0.2094747971544226 0.2094690426320394 0.2176457090544971 0.217680658841445 0.209553329277387 0.2095485881104355 0.2176806588414447 0.2177055903972324 
280 0.2014468121543537 0.2014153704906439 0.2102528191899812 0.2103128966122383 0.2014153704906451 0.2014139543841439 0.210247215894737 0.2103081269351357 0.2102528191899803 0.210247215894737 0.2202990828778106 0.2203429063682922 0.2103128966122383 0.210308126935138 0.2203429063682913 0.2203772808670931 
276 0.2027138872782578 0.202715570171164 0.2125262041726864 0.2125850654092108 0.2027155701711643 0.202714169366831 0.2125193273727466 0.2125796381901554 0.2125262041726831 0.2125193273727466 0.2217088967570111 0.2217436885133148 0.2125850654092101 0.2125796381901567 0.2217436885133142 0.2217712373946606 
272 0.2035116337967209 0.2035129675447838 0.2177028424436738 0.2177339677754438 0.2035129675447842 0.2035107823094441 0.2176950322278874 0.2177271925066691 0.2177028424436712 0.2176950322278872 0.2306370406193855 0.2306783971445032 0.2177339677754436 0.2177271925066713 0.2306783971445023 0.2307220403252536 
268 0.2041163226073196 0.2041152306608556 0.2199266695541655 0.2186068759308177 0.2041152306608554 0.2041131063508306 0.2199192080522751 0.2199372685233972 0.2199266695541625 0.2199192080522772 0.2312444185090761 0.2312733216491976 0.2186068759308183 0.2199372685233973 0.2312733216491974 0.2313085147618987 
264 0.2078315086144068 0.2078332657191749 0.2210705839078447 0.2210939331947176 0.2078332657191759 0.2078313044941849 0.2210660883636673 0.2210903924160667 0.2210705839078426 0.2210660883636693 0.2319049372670723 0.2319346610021437 0.2210939331947175 0.2210903924160686 0.2319346610021442 0.2319672614165872 
260 0.2142595499186626 0.2142594236978463 0.2242262749616721 0.2242536497159524 0.2142594236978466 0.2142595140530536 0.224221716840443 0.2242498090789944 0.2242262749616697 0.2242217168404427 0.2325083588884674 0.2325280843221025 0.224253649715952 0.224249809078995 0.2324766265825166 0.2324855830112759 
256 0.2156771217043869 0.2156804522292683 0.2248489346784811 0.2249098255994321 0.2156804522292677 0.2156803075748142 0.2248446322273552 0.2249065577212009 0.224848934678478 0.2248446322273544 0.2338296775635851 0.233845703540844 0.224909825599431 0.2249065577212028 0.2338457035408422 0.2336194719792869 
252 0.2163796842716208 0.2163834409176119 0.2267939219595566 0.2268245120445626 0.2163834409176127 0.2163840094170803 0.2267904671321347 0.2268222461757738 0.2267939219595556 0.2267904671321347 0.2358741317712719 0.23589431552607 0.2268245120445609 0.2268222461757757 0.2358943155260694 0.2359093730035686 
248 0.2188341340221481 0.2188386205428292 0.2302772194280754 0.2302750923163592 0.2188386205428277 0.2188406991781314 0.2276472842004279 0.2276527440575689 0.2302772194280736 0.2276472842004277 0.2369683272019912 0.2369838967176384 0.2302750923163582 0.227652744057569 0.2369838967176383 0.2369938657706824 
244 0.2226202237253198 0.2226261612414949 0.2316672340001161 0.2317076662830762 0.2226261612414956 0.2226248628397533 0.2316601661100063 0.2317004184034581 0.2316672340001139 0.2316601661100046 0.238144248902323 0.2381679538924655 0.2317076662830748 0.2317004184034594 0.2381679538924656 0.2381873817745111 
240 0.2264236253841583 0.226430855410087 0.2329219487242936 0.2329564886048657 0.226430855410087 0.2264355759699092 0.2329148804051061 0.2329494308711986 0.2329219487242917 0.232914880405106 0.2403190371024594 0.2406496265536292 0.2329564886048646 0.2329494308711993 0.2406496265536308 0.2403311086763671 
236 0.2282500269497568 0.2282580131852361 0.2347628379866506 0.2346321856046649 0.2282580131852361 0.2282630461895374 0.2348312384297028 0.2346374802996234 0.234762837986649 0.2348312384297035 0.2420679796297986 0.2420997307880598 0.2346321856046636 0.2346374802996259 0.2420997307880587 0.2421284699398281 
232 0.2294967761973428 0.2295039195204 0.2419766993952409 0.2419400422809694 0.2295039195204009 0.2295075843316947 0.2419665296551773 0.2419325630484549 0.2419766993952386 0.2419665296551758 0.2541813458620621 0.2542356420369224 0.2419400422809698 0.2419325630484566 0.2542356420369216 0.2542818688463762 
228 0.2309859947597906 0.2309938743779855 0.2431276552902387 0.243109062537873 0.2309938743779854 0.2309982893529341 0.2431190508359435 0.2431022501225379 0.2431276552902364 0.2431190508359433 0.2558134100143321 0.2557633651158043 0.2431090625378724 0.24310225012254 0.2557633651158033 0.2557615179950852 
224 0.2323289122173941 0.2323342269746754 0.2458328835478622 0.2458108952779509 0.232334226974676 0.2323364873966811 0.2458248028682232 0.2458050571803778 0.2458328835478601 0.2458248028682236 0.2570240577269702 0.2570550107550384 0.2458108952779517 0.2458050571803791 0.2570550107550379 0.2570750898345551 
220 0.2336331559744735 0.2336367290790737 0.2541363725932366 0.2541047259794713 0.233636729079074 0.2336372497963623 0.2541298705607307 0.25409891048613 0.2541363725932356 0.2541298705607308 0.2599280024398675 0.2599298172720849 0.2541047259794703 0.2540989104861321 0.2599298172720845 0.2599185586394368 
216 0.2347294489582178 0.2347287593497533 0.2552849854901222 0.255256946945765 0.2347287593497537 0.2347260904698177 0.2552802982799814 0.2549881543732218 0.2552849854901194 0.2552802982799802 0.2742948215405114 0.2743119221416124 0.2552569469457642 0.2549881543732228 0.2743119221416092 0.2743212263918284 
212 0.2398711278333127 0.2398745268414656 0.2578058013995445 0.2581489884180424 0.2398745268414648 0.239871795959584 0.2578008342345607 0.2581465226921656 0.2578058013995428 0.2578008342345612 0.2754904045006688 0.2754944875762045 0.2581489884180414 0.2581465226921687 0.2754944875762035 0.2754937853230327 
208 0.2466695076161778 0.2466711390281526 0.2593615182167369 0.2593128499500315 0.2466711390281526 0.2466701591665731 0.2593581040526269 0.259272286736204 0.2593615182167364 0.2593581040526273 0.2765384835617559 0.2765441797823717 0.2593128499500323 0.2592722867362052 0.2765441797823698 0.276545799353861 
204 0.2520740329426572 0.252077784253035 0.2643496837431661 0.2642961399209829 0.2520777842530363 0.2520777504184617 0.2643467502251833 0.2642941177902889 0.2643496837431639 0.2643467502251816 0.2775633470107765 0.2775630673616947 0.2642961399209808 0.2642941177902907 0.2775630673616932 0.2775573224865778 
200 0.2531545882615804 0.2531600290220878 0.2657708458350614 0.2657127072886659 0.2531600290220885 0.2531627841223565 0.26576880573872 0.267094296165283 0.2657708458350595 0.2657688057387191 0.2799513459256917 0.2799571549660948 0.265712707288664 0.267094296165285 0.2799571549660941 0.2799651190087509 
196 0.2570813847130854 0.2570908592292013 0.2691200555358451 0.2690467939278391 0.2570908592292015 0.2570959878010071 0.269114653827445 0.2690426529034398 0.2691200555358437 0.269114653827445 0.2812859427239306 0.281278525575474 0.2690467939278386 0.2690426529034425 0.2812785255754736 0.2812644894683473 
192 0.2616018273204965 0.2616030956806588 0.273886877630243 0.2738436369142088 0.2616030956806601 0.2616059743688137 0.2738777164206881 0.2738358850985593 0.2738868776302421 0.2738777164206884 0.2829269290406771 0.2829276277708273 0.2738436369142075 0.2738358850985622 0.2829197028364268 0.2829155126984664 
188 0.2660350251392388 0.2660363951520441 0.2763460713860583 0.2762606262689954 0.2660363951520452 0.266038166078017 0.276248807872959 0.2769834698973559 0.27634607138606 0.2762488078729586 0.2868314886224658 0.2868120392966042 0.2769904514348128 0.2769834698973582 0.286812039296604 0.2867525889044573 
184 0.2682837698275284 0.2682841684971732 0.2788770506882416 0.2787912092979624 0.2682841684971736 0.2682820605969974 0.2788697563686056 0.2787846186226315 0.278877050688242 0.2788697563686054 0.2896096007792825 0.289598013598255 0.2787912092979642 0.2787846186226363 0.2895980135982522 0.289581037416487 
180 0.2701453832983225 0.2701434741071899 0.2876436261991488 0.2877769130398917 0.2701434741071889 0.2701359671843703 0.2876406523809177 0.287772846404851 0.2876436261991481 0.2876406523809167 0.3043988676511165 0.3043897766381795 0.287776913039892 0.287772846404854 0.3043897766381774 0.3043729526414533 
176 0.27229603461521 0.2722924200377445 0.2901705257452502 0.290101674179661 0.272292420037745 0.2722866166463624 0.2901635953435543 0.290096726555362 0.2901705257452503 0.290163595343554 0.3059305813884352 0.3058985779798379 0.2901016741796621 0.2900967265553649 0.3058985779798354 0.3058567944836859 
172 0.274761397022122 0.2747535960426286 0.2933692524434674 0.2932995242687261 0.2747535960426294 0.2747419862065063 0.2933639739937227 0.2932972866066651 0.2933692524434669 0.2933639739937216 0.3099035928631871 0.3098781239450591 0.2932995242687273 0.2932972866066696 0.3098781239450576 0.309843808562848 
168 0.2764164157313472 0.2764092364776286 0.3053373403143383 0.3052519659060307 0.2764092364776299 0.2763979845444249 0.3053334207983419 0.3052507227334127 0.3053373403143383 0.3053334207983425 0.3309671931420484 0.3309404464296721 0.3052519659060318 0.3052507227334157 0.3309404464296719 0.3309097202224017 
164 0.2832337257259877 0.2832304466604895 0.3072764257484286 0.3072280523314048 0.2832304466604926 0.28322322229457 0.3072727523230632 0.3072263661768885 0.3072764257484296 0.3072727523230636 0.3322693668055732 0.3322154781238288 0.3072280523314068 0.3072263661768917 0.3322154781238296 0.3321563224283888 
160 0.285394357170588 0.2853892553708814 0.3180660842793882 0.3180021998728618 0.2853892553708843 0.2853809675801897 0.3180617129057371 0.317999537003417 0.3180660842793873 0.318061712905737 0.333908823963826 0.3338201175947926 0.3180021998728653 0.3179995370034199 0.3338201175947918 0.3337770339919668 
156 0.3028224413588917 0.3028192849264673 0.3217777215877982 0.32170127468244 0.3028192849264691 0.302812394307035 0.3217744901747054 0.3216991807064004 0.321777721587798 0.3217744901747053 0.3351477321865046 0.3350862523094861 0.3217012746824416 0.3216991807064041 0.3350862523094851 0.335020277550114 
152 0.3039181230445661 0.3039142608094942 0.3243055370797864 0.3242576344295894 0.3039142608094959 0.303906741800187 0.3243009934718813 0.3242537614078759 0.3243055370797854 0.3243009934718795 0.3380793906955794 0.3380422170522278 0.3242576344295919 0.3242537614078798 0.3380422170522276 0.3380028148914068 
148 0.3098774587997096 0.3098745473134459 0.3260084189787003 0.3299288729279843 0.3098745473134466 0.3098684914097694 0.3300231046523255 0.3299235967157075 0.3260084189786999 0.3300231046523255 0.3406883888919665 0.3406690115581518 0.3299288729279884 0.3299235967157109 0.3406690115581504 0.3406518308591384 
144 0.3165148644766589 0.31650536488805 0.3322769891274092 0.3322200433302241 0.3165053648880504 0.3206870039488539 0.332268135805223 0.3322123084012079 0.3322769891274088 0.3322681358052234 0.3483329477493177 0.3482994059090142 0.3322200433302246 0.3322123084012119 0.3482994059090115 0.3482639670751049 
140 0.323403711359912 0.3233943341627362 0.3372697214780029 0.3372089516686243 0.3233943341627378 0.3233770215801691 0.3372601865620257 0.3372018061390116 0.3372697214780028 0.3372601865620265 0.3506931110740311 0.3506272019016581 0.3372089516686274 0.3372018061390154 0.3506272019016572 0.3505554395841685 
136 0.3266082928900492 0.3265932414087355 0.3397261276092053 0.3397038217770756 0.3265932414087367 0.3265739055282802 0.34795240789558 0.3396943965162576 0.3479619569249222 0.3479524078955804 0.3680457851799675 0.3679787846664508 0.3397038217770786 0.3396943965162605 0.3679787846664503 0.3679014933555472 
132 0.3311179469159464 0.331104400397262 0.3531394133602024 0.3531219121669771 0.3311044003972636 0.3310909721436698 0.3531328992746303 0.353115733321644 0.3531394133602033 0.3531328992746297 0.372536716995136 0.3724808442206334 0.3531219121669772 0.3531157333216465 0.3724808442206321 0.3724085213850201 
128 0.3337216102114693 0.3337066984128501 0.3704271437339202 0.370406727166854 0.3337066984128537 0.3336918693801602 0.3704215833850467 0.3704024499439146 0.3704271437339206 0.3704215833850461 0.3771846414509273 0.3771120832668063 0.3704067271668556 0.3704024499439175 0.3771120832668056 0.3770380960192004 
124 0.3370094148039757 0.3369974331772426 0.3730265069556016 0.3747260066544616 0.3369974331772425 0.3369850662866489 0.3730210649521373 0.3729874364294116 0.3730265069556027 0.3730210649521384 0.4060501303348584 0.405964751364035 0.3747260066544647 0.3729874364294141 0.4059647513640356 0.4058521904912248 
120 0.3442267775050057 0.3442207378568954 0.3782656049736939 0.3782063618607878 0.3442207378568973 0.3442097025272361 0.3782614407203837 0.3782014368266045 0.3782656049736933 0.3782614407203835 0.4092964132403082 0.4092267141150728 0.3782063618607895 0.3782014368266068 0.4092267141150756 0.4091604801811297 
116 0.3599722091893111 0.3599688692133513 0.3927806056929682 0.3927482059601705 0.3599688692133522 0.3599631356023163 0.3927766060909881 0.3927422316453495 0.3927806056929709 0.392776606090989 0.4126288555279024 0.4125893810833421 0.3927482059601724 0.3927422316453508 0.4125893810833444 0.4125514874583204 
112 0.3783439976845938 0.3783381457879228 0.3975592695734423 0.3974983329858736 0.3783381457879234 0.3783278681331537 0.3975530579909191 0.3970103573796269 0.3975592695734451 0.3975530579909216 0.4149240650280046 0.4164633780376627 0.3974983329858723 0.3970103573796273 0.4164633780376653 0.4180187545802225 
108 0.3832863499812522 0.3832789690187552 0.4002921443233741 0.4002865228578591 0.3832789690187589 0.3832717442853533 0.4002850715610431 0.4002785319421806 0.4002921443233781 0.4002850715610449 0.4208654111052802 0.4208238743443046 0.4002865228578589 0.4002785319421813 0.420823874344307 0.4207831718800954 
104 0.3987842724648371 0.3987707916288961 0.410894825795367 0.4109045097693229 0.3987707916288986 0.398755978153648 0.4108837507353063 0.4108914154790647 0.4108948257953715 0.4108837507353092 0.4298164757665298 0.4297874316316629 0.4109045097693226 0.4108914154790648 0.4297874316316646 0.4297594457879436 
100 0.4014845452058742 0.4016245546199517 0.4185800119201587 0.4185780495830372 0.4016245546199526 0.4017564281347398 0.4185673584929426 0.4185656128567792 0.418580011920161 0.4185673584929468 0.4331794018145085 0.4331568116067711 0.4185780495830351 0.418565612856779 0.4331568116067726 0.4331380122420237 
96 0.4085097327194032 0.4085000509911204 0.431576802474418 0.4343892515522875 0.4085000509911213 0.4084880551963341 0.4315600855421678 0.4315693833526285 0.4315768024744197 0.4315600855421698 0.4533460474487884 0.4533379042871538 0.4343892515522889 0.4315693833526268 0.4533379042871569 0.4533296439473775 
92 0.4130604928011704 0.4130460006815549 0.4388575969154533 0.4388339338201269 0.4130460006815578 0.4130330629806755 0.4388486236251536 0.438823662507734 0.4388575969154567 0.4388486236251579 0.4649076532747459 0.4649131996712181 0.4388339338201268 0.4388236625077348 0.4649131996712218 0.4649162503110814 
88 0.4229662429636231 0.4229531530180681 0.4634579254499522 0.4634572573650164 0.4229531530180713 0.4229424269314639 0.4634432559222227 0.4634420210160978 0.4634579254499546 0.4634432559222226 0.5020560165723544 0.5020311555839353 0.4634572573650165 0.4634420210160973 0.5020311555839383 0.502005898212288 
84 0.4275077109500831 0.4274947045002164 0.4699569794547234 0.4699465131195079 0.4274947045002192 0.427485583406802 0.4699437562448809 0.4699318869542654 0.4699569794547259 0.4699437562448836 0.5063616911029806 0.5063422725609618 0.4699465131195091 0.4699318869542637 0.5063422725609648 0.5063241755395388 
80 0.4711814624161039 0.4711654370650465 0.4915191325196309 0.491535752331306 0.4711654370650509 0.4711545906297295 0.4915095990863798 0.4915230400414095 0.4915191325196318 0.4915095990863822 0.5112005504300474 0.511186087828811 0.4915357523313071 0.4915230400414097 0.5111860878288148 0.5111832318776974 
76 0.479539220978978 0.4795170393067009 0.5055167863866736 0.5055238011838108 0.4795170393067029 0.4795026860568609 0.496919449266206 0.4969459769838466 0.5055167863866745 0.4969194492662049 0.5167888914297193 0.5167938100097599 0.5055238011838113 0.4969459769838486 0.516793810009765 0.5168085431701236 
72 0.4921622587765143 0.4921461463317461 0.5152878615852436 0.5153233625486684 0.4921461463317485 0.4921267715292498 0.5132048549110863 0.5132165581075756 0.5152878615852454 0.5132048549110888 0.5295218622336516 0.5295423466697552 0.5153233625486684 0.5132165581075769 0.5295423466697572 0.5295606436568319 
68 0.5065268890099679 0.5065043123134008 0.5211031870990612 0.5211289867148828 0.5065043123134045 0.5064875494947632 0.5210854499590347 0.5211102528300342 0.5211031870990624 0.5210854499590351 0.5352213945625045 0.5352447901793469 0.5211289867148832 0.5211102528300355 0.5352447901793483 0.5352590772372235 
64 0.5155640471393085 0.516385399189545 0.5372191942331664 0.5372516569869632 0.5163853991895483 0.5163611183730604 0.5372054777714496 0.5372342104500868 0.5372191942331657 0.5372054777714443 0.568743356225727 0.5687655544047361 0.5372516569869624 0.5372342104500889 0.5687655544047369 0.5687848407179218 
60 0.5234327733154435 0.5234057122288971 0.5495671977055517 0.5495976218084488 0.5234057122289 0.523383059546413 0.5495552747601596 0.5495852400597581 0.5495671977055504 0.549555274760156 0.5741073444587866 0.5741229127335286 0.5495976218084516 0.5495852400597618 0.5741229127335316 0.5741408346277832 
56 0.540374962658884 0.540341813066295 0.5809732759623187 0.5810388454887936 0.5403418130663 0.5403105760524969 0.5809601264664038 0.5810251097636718 0.5809732759623193 0.5809601264663978 0.6182199911211956 0.6182419845513677 0.5810388454887939 0.5810251097636733 0.6182419845513686 0.6182653662306363 
52 0.5923095325730268 0.5922806516898267 0.6101926017999609 0.6102782386755434 0.5922806516898315 0.5922553734443778 0.6101755730963103 0.6102620778998978 0.610192601799963 0.6101755730963057 0.631019735124961 0.6310360259547576 0.6102782386755434 0.6102620778999007 0.6310360259547605 0.631049956138242 
48 0.6004724981641253 0.6004457915200312 0.6203921114797754 0.6204192171390994 0.6004457915200392 0.6004216937180085 0.6203784211467522 0.6204065038348475 0.6203921114797761 0.6203784211467487 0.6431160693696217 0.6431420875563982 0.6204192171390968 0.6204065038348516 0.6431420875563985 0.6431634288904502 
44 0.6299429277756724 0.6299163821695735 0.6397404147719474 0.6397894937710052 0.6299163821695783 0.6298937045198563 0.6397265349456559 0.6397755584168101 0.6397404147719519 0.63972653494565 0.6505170678414605 0.6505530679490087 0.6397894937710025 0.6397755584168148 0.6505530679490091 0.6505820715863114 
40 0.6398158639751153 0.6397935405462686 0.6651975912235736 0.6652260395657339 0.6397935405462729 0.6397679304822558 0.6651830071518124 0.6652116329635148 0.6651975912235735 0.6651830071518058 0.6819605871067835 0.6819931756695138 0.6652260395657286 0.6652116329635173 0.6819931756695123 0.6842010176821233 
36 0.6565431842788729 0.6565258267733266 0.6853313240236729 0.7021940471590207 0.6565258267733303 0.6564996648259567 0.6853212411113548 0.7021877252389546 0.6853313240236715 0.6853212411113527 0.7018341335656714 0.7018895423177218 0.7021940471590173 0.7021877252389579 0.7018895423177232 0.7019289747744297 
32 0.696659750001718 0.6966456105824265 0.7098633977644956 0.7178097160732966 0.6966456105824316 0.6966329054436997 0.7098548174864909 0.7099346485555791 0.7098633977644971 0.7098548174864889 0.7503755535698458 0.7503794394689578 0.7178097160732925 0.7099346485555811 0.7503794394689579 0.7503814112231002 
28 0.737885781679341 0.737875476644523 0.7480021187018775 0.7480123185995294 0.7378754766445267 0.7378664035225156 0.7479975770107696 0.7480088103224937 0.7480021187018777 0.7479975770107667 0.7608884355038251 0.7609002839982167 0.748012318599526 0.7480088103224973 0.760900283998221 0.7609062151297491 
24 0.7616981872434055 0.76168704728062 0.7648317852089014 0.7648495201421057 0.7616870472806127 0.7616768898550473 0.7648244872943376 0.7648429883610042 0.7648317852089025 0.7648244872943442 0.7921639056019435 0.7921605682502841 0.764849520142096 0.7648429883610004 0.7921605682502857 0.7921566398191222 
20 0.7834267388697217 0.7834193969985765 0.8051847863123449 0.8051888204561906 0.7834193969985682 0.7834090509093913 0.8051792478490704 0.7935572747692901 0.8051847863123488 0.805179247849074 0.8110756796435477 0.8110777610461534 0.8051888204561846 0.8051829839860087 0.8110777610461521 0.8110789598380203 
16 0.8091947153225049 0.8091889403444603 0.8323722598448066 0.8323693906435726 0.8091889403444507 0.8091850693019829 0.8323687207142713 0.832364742629747 0.832372259844809 0.832368720714274 0.8515311436969313 0.8515285171715757 0.8323693906435713 0.8323647426297458 0.8515285171715751 0.8515261280449944 
12 0.8539092694553783 0.8539047778127273 0.8572321434182976 0.8572254145349559 0.8539047778127218 0.8539013645677109 0.8572289651737536 0.8572213375853091 0.8572321434182983 0.8572289651737577 0.8713960315549009 0.8713929577023247 0.8572254145349502 0.857221337585311 0.8713929577023246 0.871390457993775 
8 0.8823122970644973 0.8823084004559323 0.8846626269800437 0.8798310279153012 0.8823084004559296 0.8823058960431264 0.8846597830604034 0.8798266018495794 0.8846626269800442 0.8846597830604045 0.8869860312625293 0.8869856406601396 0.8798310279152974 0.8798266018495797 0.8869856406601367 0.8869859194328245 
4 0.9129801314687563 0.9129776063062768 0.9381881463063846 0.9381858622434854 0.9129776063062737 0.9129751717506204 0.9381866577124126 0.9381835265602742 0.9381881463063843 0.9381866577124131 0.9397060977032242 0.939703496781149 0.9381858622434808 0.9381835265602746 0.9397034967811512 0.9397019282430396 
