1200 0.09067951802704868 0.09048571492719265 0.107273306113482 0.1080188725633003 0.09048571492719361 0.09013810389662591 0.1072101762067204 0.1084212696099061 0.1072733061134701 0.1072101762067397 0.126132922422047 0.126544828072055 0.1080188725632758 0.1084212696099536 0.1265448280720342 0.1254254192087172 
400 0.09067951802704868 0.09048571492719265 0.107273306113482 0.1080188725633003 0.09048571492719361 0.09013810389662591 0.1072101762067204 0.1084212696099061 0.1072733061134701 0.1072101762067397 0.126132922422047 0.126544828072055 0.1080188725632758 0.1084212696099536 0.1265448280720342 0.1254254192087172 
396 0.09093990035520912 0.09085906805777362 0.1072395339056462 0.108029322236401 0.0908590680577738 0.09000904275584169 0.1072550820887705 0.1084520071570165 0.1072395339056041 0.1072550820887684 0.1259487274763616 0.1264066126632463 0.1080293222363538 0.1084520071570901 0.1264066126632327 0.1252566294011601 
392 0.09063337339047477 0.09054990111819623 0.1069399842437322 0.1073217178107482 0.09054990111820173 0.0897634739037646 0.1067410919685179 0.1076988516331928 0.1069399842437217 0.1067410919685714 0.1260898123935102 0.1268050752668359 0.1073217178107066 0.1076988516331533 0.1268050752667964 0.1255728263822178 
388 0.09258034479997143 0.09249127009581344 0.106913870343565 0.1074406494978093 0.09249127009581259 0.09185216716056673 0.1063069283405804 0.10736935788591 0.1069138703435435 0.1063069283406264 0.1259222373155543 0.1269672539914813 0.1074406494977705 0.1073693578859336 0.126967253991492 0.126228322810562 
384 0.09316970463279858 0.09311381838100342 0.1066128154023811 0.1068867366722614 0.09311381838100333 0.09317320294642159 0.10647914818696 0.1072372903772302 0.1066128154023935 0.1064791481869694 0.126229147850512 0.126989607117851 0.1068867366722526 0.1072372903772225 0.126989607117864 0.1257856580708334 
380 0.09416748011298599 0.09379817013665413 0.1061486459959903 0.1060200934501472 0.09379817013665888 0.09306782454085209 0.1058401808444581 0.1063310326387944 0.1061486459959975 0.1058401808444957 0.1261871246300218 0.1268737503825096 0.1060200934501461 0.1063310326387803 0.1268737503825223 0.1255957635122091 
376 0.09415923417225149 0.09378902225937139 0.106087551049307 0.1060566898811177 0.0937890222593766 0.09305284055567756 0.1057820276698904 0.1065791560572783 0.106087551049309 0.1057820276698917 0.1267125397556862 0.1268905602172914 0.106056689881114 0.1065791560572733 0.126890560217303 0.1258179810188282 
372 0.09420959385456155 0.09384934702682519 0.106007618098664 0.1066306186830571 0.09384934702682884 0.09312372733529092 0.1061275374961454 0.1069663650893042 0.1060076180987017 0.1061275374961633 0.1259315384269262 0.1260242147099657 0.1066306186830538 0.1069663650893101 0.1260242147099769 0.125071234809571 
368 0.1035682472724297 0.1032572342664017 0.1105351061390318 0.1112816199071919 0.1032572342664058 0.1025782186977738 0.1106437543849769 0.1115185135089869 0.1105351061390322 0.1106437543850031 0.1250075436522225 0.1254539645162689 0.1112816199071737 0.1115185135089991 0.1254539645162525 0.1244128507402452 
364 0.1035385371313492 0.1032270706078022 0.1109113291306361 0.1118367083994273 0.1032270706078024 0.102553043295716 0.1110738537058259 0.1115163583976249 0.1109113291306207 0.1110738537058822 0.1239427752625324 0.1242324865647316 0.1118367083994158 0.1115163583976217 0.1242324865647184 0.1233072711042594 
360 0.1059066620517776 0.1056886912766465 0.1103750809370464 0.1117900394146087 0.1056886912766463 0.1054089490212544 0.110882249690938 0.1121062390379162 0.1103750809370572 0.1108822496909446 0.1234060048551466 0.1234668662197446 0.1117900394145922 0.1121062390379434 0.123466866219763 0.1224861947339473 
356 0.1072968233202794 0.1071239879532543 0.1153941939414542 0.1157098670367787 0.1071239879532568 0.1066175770199743 0.1155129992286625 0.1156274431107876 0.1153941939414586 0.1155129992286612 0.1239056402880829 0.1240296325221789 0.1157098670367806 0.1156274431107906 0.1239879047202678 0.1229906032955869 
352 0.1061901675365625 0.1060956841406449 0.12246896324279 0.1232484283356261 0.1060956841406428 0.1057590446094315 0.1221775940634069 0.1236241073361331 0.1224689632427897 0.1221775940634086 0.1294894157508391 0.1298201929157888 0.1232484283356259 0.1236241073361408 0.1286860572864126 0.1288538164755062 
348 0.1062042239679701 0.106108624506912 0.1224798258200765 0.1232772643224974 0.1061086245069105 0.1057719616208299 0.1221975791638243 0.1236446057363515 0.1224798258200757 0.1221975791638229 0.1344905787951635 0.1333724404032562 0.1232772643225003 0.1236446057363505 0.1333724404032422 0.1328993868050953 
344 0.1062563773021348 0.1059618341349011 0.1202135813243292 0.1210382054659618 0.1059618341349073 0.1058054358849006 0.1200118565504773 0.1212207494671362 0.1202447704831885 0.1200118565504736 0.134201396259438 0.1331948462271192 0.1210382054659601 0.1212207494671324 0.1331948462271053 0.1325690525785495 
340 0.1055221672599215 0.1054020373719065 0.1193856874434504 0.1201228154865926 0.1054059639730082 0.1052196139409255 0.1191785743524003 0.1204468830871153 0.1193856874434499 0.1191785743523957 0.1331419999195494 0.1321214197178588 0.1201228154865951 0.1204468830871189 0.1321214197178275 0.1311119631614081 
336 0.1056355317027846 0.1054988910345029 0.1197238756319233 0.1204413015100389 0.1054988910345025 0.1052519812857327 0.1195516394674465 0.1207222142975725 0.119723875631923 0.1195516394674472 0.1335666490272771 0.1327895988965118 0.120441301510038 0.1207222142975695 0.1327895988965522 0.1317060080330982 
332 0.1056636722726358 0.1055477234856534 0.1197210266689026 0.1204302108750137 0.1055477234856542 0.1054293167909425 0.1195359818108075 0.1207109816140631 0.1197210266689004 0.1195359818108057 0.1360575106965883 0.1363499283528012 0.1204302108750119 0.1207109816140589 0.1363499283528252 0.1349332471775566 
328 0.1049568491570506 0.1048403363933947 0.1197286247598531 0.1204345726473935 0.1048403363933968 0.1047128884932032 0.1195408862781233 0.1207188480955616 0.1197286247598544 0.1195408862781246 0.1370966980910702 0.1369695675753979 0.1204345726473914 0.120718848095562 0.1369695675754222 0.1356237698258579 
324 0.1061947115400364 0.1049044566519265 0.1197385781776212 0.1204291305270663 0.104904456651925 0.1047746099524621 0.1195416688092156 0.120724923081409 0.1197385781776211 0.1195416688092117 0.1374924679763457 0.1376628412433425 0.12042913052707 0.1207249230814045 0.1376628412433492 0.1362798797659318 
320 0.1107247247910289 0.1107763260655935 0.1197512135102866 0.120445402675117 0.1107763260655888 0.1105215264544337 0.1195573977544881 0.1207388618251641 0.1197512135102856 0.1195573977544858 0.137271609094246 0.1374011712709992 0.1204454026751179 0.1207388618251634 0.1374011712710396 0.1360459609900667 
316 0.1090323355000462 0.1090205973648682 0.1260427174672023 0.1255317902810928 0.1090205973648795 0.1086360983514424 0.1261535961957237 0.1254897848192543 0.1260427174671986 0.1261535961957232 0.1360136964930644 0.1369454757925622 0.125531790281091 0.1254897848192553 0.1369454757925712 0.1354133018540329 
312 0.1090656943061229 0.1090548768190335 0.1264097353996385 0.1258275940818167 0.1090548768190388 0.1086631641538215 0.1265231117772376 0.1257802734485788 0.1264097353996372 0.1265231117772368 0.1365959255206866 0.1372717596684755 0.1258275940818189 0.1257802734485788 0.1372717596684851 0.1358744502465482 
308 0.1067719594590487 0.1066996572317827 0.1276417703839554 0.1268173375296757 0.1066996572317842 0.1065792460235505 0.1277164221779691 0.1267265101789025 0.1276417703839547 0.1277164221779671 0.1353227613651458 0.1363437229536886 0.1268173375296746 0.1267265101788997 0.1363437229537094 0.1343487088159889 
304 0.1079612427155342 0.1079820321508108 0.1270823304259496 0.1272993103003768 0.1079820321508058 0.1079155180843588 0.1270570171953186 0.1272096848213608 0.1270823304259513 0.1270570171953216 0.1365596600123084 0.1362506383367603 0.127299310300375 0.1272134933729217 0.1362506383367366 0.1348570719943105 
300 0.1212191032924745 0.1212050074107068 0.1233953332989372 0.1253609672151444 0.1212050074106995 0.1213146871621783 0.12432219699075 0.1257368833309847 0.1233953332989297 0.1243221969907598 0.1358321872620802 0.1357774976553367 0.1253609672151203 0.1257368833309759 0.1357774976553146 0.1341849695406443 
296 0.1227886629348851 0.122956195331658 0.1345320992760625 0.1256206176561121 0.1229561953316577 0.1230267752904896 0.1346031559372346 0.1259770171852508 0.1345320992760602 0.1346031559372347 0.1346472480975259 0.1353221163215915 0.1256206176561644 0.1259770171852575 0.1353221163215891 0.1356472487466265 
292 0.1216978726248652 0.1220375425632717 0.1519834434357641 0.1516403095755158 0.1220375425632771 0.121975572662459 0.1374893243372367 0.1519506841260984 0.1519834434357641 0.1518044966817837 0.1361755288858894 0.1369481868690637 0.1516403095755232 0.1519506841261025 0.1369481868690677 0.1370184744883546 
288 0.1216784215851345 0.1220147517116368 0.1512816253107771 0.1507594597156028 0.1220147517116393 0.1219565878154352 0.151135428655653 0.1510619979020861 0.1512816253107756 0.1511354286556513 0.1529072455744271 0.1517263820729167 0.1507594597156078 0.1510619979020782 0.151726382072905 0.149929207214816 
284 0.1216593879415837 0.1220091668265568 0.1468741265669785 0.1476699195635505 0.1220091668265489 0.1219584813117357 0.1467854324583236 0.1478958046151653 0.1468741265669752 0.146785432458325 0.1525834926385925 0.1514597406521667 0.1476699195635444 0.1478958046151638 0.1514597406521661 0.1496501442593877 
280 0.1216825173756866 0.1190107281389436 0.1437001193980199 0.1443906590189184 0.1190107281389538 0.1187958366499356 0.1435911168394923 0.1445018798501411 0.1437001193980169 0.1435911168394894 0.1524825625237444 0.1511965581846863 0.1443906590189155 0.1445018798501428 0.1511965581846882 0.1487125952436554 
276 0.1187637672799235 0.1191221420669678 0.1433482058256137 0.1441197780141607 0.119122142066962 0.118902809237291 0.1432474747132983 0.1442305411573447 0.1433482058256132 0.1432474747133126 0.153561844669469 0.1522499503116869 0.1441197780141629 0.1442305411573523 0.1522499503117153 0.1501208345464966 
272 0.1185685004782954 0.1181739780919754 0.1458519078202305 0.145973358961295 0.1181739780919684 0.1187771946122928 0.1460387745820266 0.1458970530375247 0.1458519078202311 0.1460387745820221 0.1591064017674503 0.1587184626815034 0.145973358961295 0.1458970530375194 0.1587184626815264 0.1568421068200432 
268 0.1182822202962857 0.1182973276711259 0.1458463562245546 0.1457527791740258 0.1182973276711344 0.1181156297378354 0.1460460351756844 0.1458982605467023 0.1458463562245663 0.146046035175684 0.1593672569347575 0.159291998079109 0.1457527791740255 0.1458982605467025 0.1592919980791173 0.1574311343778634 
264 0.1255727442433426 0.1256840591973972 0.1505685667811717 0.1516347674406918 0.125684059197398 0.1253687657715424 0.1505955687248886 0.1516742989494161 0.1505685667811706 0.1505955687248896 0.15981227722234 0.1602538834240892 0.1516347674406919 0.1516742989494227 0.1602538834240656 0.1582823807212219 
260 0.1299502351941199 0.130061019896867 0.1538871596678112 0.1542012221066593 0.1300610198968662 0.1297261439166938 0.1539369789153563 0.1541458087363303 0.1538871596678148 0.1539369789153534 0.1600767121492705 0.1610732092069093 0.1542012221066588 0.1541458087363301 0.1606237501678474 0.1586825827332284 
256 0.1319149539667375 0.1320830841948248 0.1543245442975276 0.1547029701351289 0.132083084194823 0.1319344602956801 0.1543650005194395 0.1546737034241069 0.154324544297529 0.1543650005194371 0.1600133865235163 0.1607564324461184 0.1547029701351305 0.1546737034241014 0.1607564324461161 0.1597684782532494 
252 0.1348833930127021 0.1351758331891699 0.1569740281081065 0.1564876989619163 0.1351758331891697 0.1352460103895701 0.1569795701778247 0.1565915437823751 0.1569740281081075 0.1569795701778303 0.1621008336346694 0.1629346849399699 0.1564876989619154 0.156591543782374 0.162934684939967 0.1631441248864471 
248 0.134675740446054 0.1349598497232591 0.1569562979783323 0.1564634272972335 0.1349598497232569 0.1350336069659974 0.1569607321449452 0.1565699000635681 0.1569562979783329 0.1569607321449449 0.1645614294395063 0.1655920896639163 0.1564634272972323 0.1565699000635682 0.1655920896639154 0.1657617829071237 
244 0.1395681475382763 0.1390095440517731 0.1590649450150997 0.1602676955603315 0.1390095440517692 0.1393077925522088 0.1591241232780015 0.1601331244243624 0.1590649450151005 0.1591241232780073 0.1620264350145129 0.1630699567953786 0.1602676955603295 0.1601331244243629 0.1630699567953786 0.1632280226268703 
240 0.1402143952203699 0.1406872594038952 0.1579958589809163 0.1574833203767028 0.1406872594038962 0.1404278874656859 0.1578514015157857 0.1574772279026656 0.1579958589809187 0.1578514015157869 0.1633971213905963 0.163848528784359 0.1574833203767067 0.1574772279026626 0.1638485287843578 0.1640363552136871 
236 0.140441450900535 0.1408909245754389 0.1675921128817079 0.1658078091151642 0.1408909245754414 0.1406437055034002 0.1645363805218926 0.1623411639746844 0.1675921128817168 0.1645363805218949 0.1633334279834942 0.1637557717447371 0.1658078091151597 0.16234116397468 0.1637557717447387 0.16414481890323 
232 0.1402757675664015 0.1407476804645254 0.1823735663564251 0.1825960674668939 0.1407476804645272 0.1405247350612053 0.1823251203644337 0.182858616804472 0.1823735663564267 0.1823251203644361 0.1870756142836121 0.1860996207891006 0.1825960674668936 0.1828586168044815 0.1860996207890969 0.1836444605314553 
228 0.1364063786485266 0.1370135268101704 0.1763967731540606 0.1772089298645446 0.1370135268101667 0.1369011847820898 0.1763869431640227 0.1771117511743191 0.1763967731540591 0.176386943164027 0.1881009654909961 0.186079897380358 0.1772089298645447 0.1771117511743143 0.1860798973803644 0.1836100476987007 
224 0.1330078560799028 0.1334622392914844 0.176059404549263 0.1769469316843504 0.1334622392914849 0.1333945618508115 0.176108254420073 0.176856771626845 0.1760594045492593 0.1761082544200747 0.1879176232303728 0.187268752158776 0.1769469316843515 0.176856771626844 0.1872687521587428 0.1856564110238668 
220 0.1335656510037342 0.134100877509291 0.1949137335103831 0.1950945118678897 0.1341008775092946 0.1339949452683282 0.1950721589476281 0.1950687708472481 0.1949137335103794 0.1950721589476216 0.1848393765032592 0.1845289693910749 0.1950945118678906 0.1950687708472499 0.18452896939106 0.1826451763757774 
216 0.1339463808083313 0.1346229442095611 0.1910995895850184 0.1912893959072066 0.1346229442095626 0.1345772244176504 0.1911226059985349 0.1912795217130596 0.1910995895850216 0.1911226059985201 0.1981680503711502 0.1993645650956744 0.1912893959072073 0.1912795217130644 0.1993645650956586 0.1972372192725237 
212 0.1550772105740427 0.1548261002998255 0.1910588028571215 0.1912635722155964 0.154826100299832 0.1547483659671479 0.1910798941318288 0.1912606702392894 0.1910588028571268 0.1910798941318328 0.199534121720447 0.199625861831382 0.1912635722155983 0.1912606702392912 0.1996258618313771 0.1977528081222849 
208 0.172204268338688 0.1723604467192367 0.190505977284742 0.1905234219624737 0.1723604467192422 0.1722900568643237 0.190540637542252 0.190431533451729 0.1905059772847446 0.1905406375422466 0.2013177976231887 0.2005565588092968 0.1905234219624729 0.1904315334517352 0.2005565588092758 0.1989521517583471 
204 0.1720676443376479 0.1721585557636238 0.19056670766626 0.1906152905527143 0.1721585557636286 0.1721736295665144 0.1906041176851328 0.1905805565949129 0.1905667076662646 0.1906041176851331 0.1996249131107535 0.1986700025978239 0.1906152905527068 0.190580556594911 0.1986700025978188 0.1986801144880831 
200 0.1719486932133088 0.1721654330981724 0.2028079370915744 0.2029616200447635 0.1721654330981815 0.1719670008616041 0.2028401737282853 0.2029196544217986 0.2028079370915798 0.2028401737282861 0.2101476493614828 0.2104011958844453 0.2029616200447619 0.2029196544217968 0.2104011958844477 0.2112687286570832 
196 0.1714108066913415 0.1713265461596458 0.2071340328817726 0.2064335686878082 0.171326546159645 0.1714223965191875 0.2070259474969443 0.206456833202114 0.2071340328817693 0.2070259474969397 0.2102909842467634 0.2111063224121933 0.2064335686878044 0.2064568332021145 0.2111063224121939 0.2113348618809844 
192 0.170913671018194 0.171098757404569 0.2075786048500075 0.2068811364742187 0.1710987574045742 0.170923300261121 0.207486592567584 0.2069035294799945 0.2075786048500102 0.2074865925675866 0.2088172462812088 0.2089870118244844 0.2068811364742185 0.2069035294799923 0.2089907791255916 0.2085193882198264 
188 0.1699068918648064 0.1700709575106909 0.2077073078786442 0.2069304088419342 0.1700709575107056 0.1698639067121281 0.2075321600046781 0.2092400678590167 0.2077073078786432 0.2075321600046817 0.212822087683114 0.2122990095507091 0.2092018648468762 0.2092400678590177 0.2122990095507089 0.2130029421822898 
184 0.1841274403528285 0.1840735925694652 0.2096822139630034 0.2092810942878479 0.1840735925694605 0.1840136822028724 0.2095902768943704 0.2093181007711956 0.2096822139630051 0.2095902768943713 0.2146235750891136 0.2147569005620961 0.2092810942878504 0.2093181007711992 0.2147569005620912 0.2142706616508449 
180 0.1841282209259833 0.1840812102267461 0.2222117292222837 0.2221061381936673 0.1840812102267406 0.1840244057617008 0.2223874872351326 0.2221988348559301 0.2222117292222819 0.2223874872351339 0.2343217380497421 0.2328638419539535 0.2221061381936651 0.2221988348559286 0.2328638419539485 0.2332392344468969 
176 0.1839860593722609 0.1838741748962248 0.222320706078162 0.2222835538059224 0.1838741748962189 0.1838667266720126 0.2224993460348145 0.2223745300548548 0.2223207060781549 0.2224993460348111 0.2297629475458925 0.2290526913560469 0.2222835538059201 0.222374530054861 0.2290526913560407 0.230092261320541 
172 0.1758044799204315 0.1756771935615367 0.2230427940144203 0.2231918579121161 0.1756771935615368 0.1757336133480239 0.2230489800584339 0.2233270679818829 0.2230427940144253 0.2230489800584359 0.2282926152957267 0.2281851178562914 0.2231918579121167 0.2233270679818851 0.228185117856299 0.2280008145822092 
168 0.1681124785807208 0.1682501964216188 0.2558578538764131 0.2563380471189729 0.1682501964216175 0.1682353479949365 0.2558003081967601 0.2565780075326891 0.2558578538764177 0.2558003081967512 0.2596889690016432 0.2586139506934549 0.2563380471189721 0.2565780075326864 0.2586139506934706 0.2569323308478841 
164 0.1906309703409988 0.1907314022033258 0.2542316614864242 0.2544498910776524 0.1907314022033229 0.1904285551124235 0.2542017721500035 0.2546622730270401 0.2542316614864285 0.2542017721500058 0.2573230274278928 0.2563969726208061 0.2544498910776526 0.2546622730270388 0.2563969726208098 0.2568465356357366 
160 0.1952051507900678 0.1953011033078809 0.2542064014668196 0.2544547916294203 0.1953011033078794 0.1950521961323943 0.2541963982314691 0.2546519667903561 0.2542064014668224 0.2541963982314669 0.2550319202403022 0.2558190810947705 0.2544547916294191 0.2546519667903595 0.2558190810947736 0.2554483519362772 
156 0.2379829283383777 0.238080755037262 0.2578800788263647 0.2584605547620757 0.2380807550372625 0.237417809214215 0.2579682680058571 0.2584363782942457 0.257880078826364 0.2579682680058623 0.2547491632410097 0.2543218777071744 0.258460554762079 0.2584363782942472 0.2543218777071777 0.254619331540835 
152 0.2378788292766393 0.237986131749001 0.2674952342025215 0.2683253417037044 0.2379861317489999 0.2373118232950288 0.2675957151811458 0.2686036501679475 0.2674952342025284 0.2675957151811496 0.2651597002626407 0.2650588277306206 0.2683253417037031 0.268603650167951 0.2650588277306267 0.2648101584434703 
148 0.2371938933326212 0.2373247570348897 0.2684174717722888 0.2683180060854808 0.237324757034893 0.2366703106574987 0.2675914027666401 0.2685907297206674 0.2684174717722928 0.2675914027666513 0.2772667691656639 0.2776302557355461 0.2683180060854874 0.2685907297206728 0.2776302557355455 0.2773562888859354 
144 0.249411130050225 0.2495015890725448 0.2680066324064548 0.2688219374770465 0.2495015890725489 0.247686784076579 0.2681126109962046 0.2690972409832562 0.2680066324064623 0.268112610996204 0.2954297798933043 0.295843226695591 0.2688219374770446 0.2690972409832583 0.2958432266955909 0.2958221823672205 
140 0.252112238621668 0.2523751813222634 0.2900451061278563 0.2899870457612773 0.2523751813222601 0.2519135459192898 0.2901963141117699 0.2902264093503175 0.2900451061278519 0.290196314111768 0.2956841185737652 0.2960850868632663 0.2899870457612789 0.2902264093503147 0.2960850868632636 0.2960945357628016 
136 0.2505688662198765 0.2510207641629615 0.2911580547250335 0.2914000091133515 0.251020764162964 0.2502205659895248 0.2927129272404563 0.2914911965990179 0.2926576244805372 0.2927129272404558 0.2933317595359347 0.2934439227364634 0.2914000091133535 0.2914911965990182 0.2934439227364642 0.2928657091493405 
132 0.2543959958705407 0.2546510936328931 0.2869876620144425 0.2884261352023434 0.2546510936328987 0.2544996947263099 0.2868844897640134 0.2885007248754231 0.2869876620144527 0.2868844897640064 0.2936796917495842 0.2930956722776259 0.2884261352023433 0.2885007248754209 0.2930956722776276 0.2931302753047489 
128 0.2519207587085827 0.2520195645057477 0.3387623621955757 0.3409375540563642 0.2520195645057559 0.2517677089581086 0.3388085409197917 0.3412674809910198 0.33876236219559 0.3388085409197962 0.2922979969026913 0.2913689278643752 0.3409375540563694 0.3412674809910188 0.2913689278643758 0.2909852405639718 
124 0.2517240176021883 0.2517934210940642 0.3392717467515329 0.3414826430159361 0.2517934210940675 0.2515228715308974 0.3392801337592192 0.3418148535133309 0.3392717467515297 0.3392801337592201 0.3472751380742305 0.3482182325171142 0.3414826430159257 0.3418148535133378 0.3482182325171128 0.3498948333270004 
120 0.2689614410719463 0.2690556691212596 0.3453452902771896 0.346418724408609 0.2690556691212485 0.269086498990206 0.3453951315884127 0.3467380371957614 0.3453452902771874 0.3453951315884213 0.352168195976535 0.3539390955306216 0.3464187244086134 0.3467380371957586 0.3539390955306261 0.3534069528018887 
116 0.3361759591414351 0.3361308881888517 0.3455538336662795 0.3470609311027353 0.3361308881888513 0.3350686202488763 0.3456262516016486 0.3474298446541231 0.3455538336662838 0.3456262516016591 0.3497605647760822 0.3513721199370552 0.3470609311027574 0.3474298446541187 0.3513721199370556 0.3509178900466585 
112 0.3363950287478766 0.3365186201003348 0.3448476895104093 0.3460732273897745 0.3365186201003335 0.3365488742113486 0.3448801799049329 0.3470691301312414 0.3448476895103951 0.3448801799049374 0.3647289357797711 0.3924621039175096 0.3460732273897668 0.3470691301312348 0.3924621039175146 0.3936525401683111 
108 0.3427436812769072 0.3429148863635098 0.3461152253971601 0.3472206317983971 0.342914886363501 0.3430790519255367 0.3461023829885264 0.347504025264764 0.3461152253971501 0.3461023829885236 0.3932784805573105 0.3948298254097807 0.3472206317984063 0.3475040252647566 0.3948298254097828 0.3947917017356249 
104 0.3382340773077169 0.3384976779976522 0.3885262612489079 0.3897499196428005 0.3384976779976535 0.3384837435954998 0.388492167910049 0.3900413523544091 0.3885262612488991 0.3884921679100516 0.3977398571054429 0.3992446383143395 0.3897499196428098 0.3900413523544082 0.399244638314343 0.3986266647958098 
100 0.3380670749736707 0.3382818197919408 0.4008105967962732 0.4014248199203371 0.3382818197919353 0.3363171023846744 0.4006803707617468 0.4018365385844026 0.4008105967962696 0.4006803707617475 0.3958010376385064 0.3976795366633998 0.40142481992034 0.401836538584409 0.3976795366634092 0.3963235244396918 
96 0.3648489060642645 0.365432943395569 0.4041947767391081 0.3710015635560768 0.3654329433955731 0.3654641291666881 0.4041105622155135 0.4054939544973754 0.404194776739097 0.4041105622155112 0.3969493525006502 0.3984380547813737 0.3710015635560759 0.4054939544973732 0.3984380547813698 0.3969617197710336 
92 0.3695017618222069 0.3690397148219451 0.3693115238645643 0.368466028920215 0.3690397148219449 0.3689270112209147 0.3694519623016873 0.3689137954885152 0.369311523864564 0.3694519623016825 0.3603453570731996 0.3628191521204386 0.3684660289202193 0.3689137954885123 0.3628191521204492 0.3615495839887752 
88 0.3543106279972029 0.3542547420093838 0.4630937218672825 0.4634935632706128 0.3542547420093841 0.354251620490119 0.4636113126051695 0.4634754086777771 0.4630937218672816 0.463611312605162 0.4739548980074503 0.4744043207417222 0.4634935632706105 0.463475408677779 0.4744043207417182 0.4743822679983933 
84 0.3595512694668738 0.3595684497273821 0.4616381880502592 0.4632647441482896 0.3595684497273797 0.3594700131554688 0.4620471507734827 0.4632088848290836 0.4616381880502632 0.4620471507734792 0.4746846541640679 0.4752721364647265 0.4632647441482939 0.4632088848290842 0.4752721364647191 0.475520110279278 
80 0.4751660748061089 0.4756739135229812 0.486814519548286 0.4864992479062809 0.475673913522972 0.4758398187841443 0.4867768120774522 0.4867279580761421 0.4868145195482904 0.4867768120774551 0.5022971260260164 0.5019082539321308 0.4864992479062843 0.486727958076135 0.5019082539321253 0.5008628051610451 
76 0.4767628895885392 0.4767946454018858 0.4728195391470678 0.4726338562874494 0.4767946454018862 0.4768910701757533 0.4939998879274393 0.4938373800454283 0.4728195391470709 0.4939998879274419 0.5032297685471122 0.5020327901374489 0.4726338562874469 0.4938373800454208 0.5020327901374462 0.50169446370148 
72 0.4765910354239355 0.4765619872272437 0.5117925759425603 0.5131726739139246 0.4765619872272387 0.4765827170424291 0.5068113731400349 0.5065229211850097 0.511792575942561 0.5068113731400448 0.504884621911745 0.5045833105652712 0.5131726739139315 0.5065229211850075 0.5045833105652787 0.5033270860139863 
68 0.505202373787356 0.5053655333518704 0.5258526638898818 0.5273311299934105 0.50536553335187 0.5054613114090996 0.5261280426644459 0.52739095717567 0.5258526638898801 0.5261280426644575 0.5048818879839455 0.505203576204738 0.5273311299934195 0.5273909571756727 0.5052035762047384 0.5047197171975325 
64 0.515273126243779 0.5100971861504237 0.5201947627254739 0.5190035541542206 0.510097186150425 0.5102651279531587 0.5204054991656641 0.5189625567541478 0.5201947627254738 0.5204054991656651 0.5167799760072134 0.5183247706225712 0.519003554154202 0.5189625567541453 0.5183247706225468 0.5211738384608083 
60 0.507818013593217 0.5086754264179144 0.4984884767663981 0.4994208938147548 0.5086754264179131 0.508794745426857 0.4996802470103772 0.5003241364531239 0.4984884767664018 0.4996802470103816 0.5319133566773545 0.5323107251539655 0.4994208938147625 0.5003241364531257 0.5323107251539805 0.5356555367586483 
56 0.4434412207501115 0.4443927678724155 0.5919677855556423 0.5926698072937719 0.4443927678724139 0.444535707002056 0.5922214588869508 0.5928143204088763 0.5919677855556473 0.5922214588869439 0.6372617080952486 0.6410037514985588 0.5926698072937832 0.5928143204089072 0.6410037514985435 0.6459244403741988 
52 0.6409817120447086 0.6409660807857744 0.6505791017647544 0.6510395265031853 0.6409660807857812 0.6406784092390143 0.6504645232175819 0.6510676400865392 0.650579101764759 0.6504645232175904 0.6674669441448872 0.6719295388115066 0.6510395265031887 0.651067640086552 0.6719295388115297 0.6770137348039805 
48 0.6453029277539621 0.6452399427358204 0.6525681673567609 0.6537417318921296 0.6452399427358226 0.6450869151262513 0.6524327979865142 0.6532945645189737 0.6525681673567638 0.6524327979865081 0.7183465864594719 0.7209793086273546 0.6537417318921409 0.6532945645189798 0.7209793086273927 0.7243022890180425 
44 0.6286936618687926 0.6284697161700403 0.6301059188203119 0.6298664310740852 0.6284697161700614 0.6284433170814724 0.6304302841953601 0.6301091777212526 0.6301059188203223 0.6304302841953671 0.7423329086032824 0.7447156370233077 0.6298664310740801 0.6301091777212662 0.7447156370232652 0.7483782617882853 
40 0.6375596099671049 0.6379044876582962 0.6164746252689132 0.6171527681284912 0.6379044876583252 0.6379882275845978 0.6160479858569183 0.6164739661519246 0.6164746252689099 0.6160479858569107 0.7081045231094132 0.7076342501856471 0.6171527681284908 0.6164739661519248 0.7076342501856469 0.8027788268201774 
36 0.6325670555568723 0.6329060841272567 0.6593927593120289 0.6661498967326119 0.6329060841272606 0.6330217545006042 0.6593547578758581 0.6668888463491471 0.6593927593119595 0.6593547578758555 0.792970356512999 0.7928822759114181 0.6661498967326145 0.6668888463491369 0.7928822759114382 0.7947181530991899 
32 0.7601513515971816 0.7604572939259554 0.6803094129907735 0.6959315735639436 0.7604572939259483 0.7596500165906087 0.6792104256805086 0.6823744031655639 0.6803094129907682 0.6792104256805099 0.865317198108002 0.8632989048882783 0.6959315735639605 0.6823744031655803 0.8632989048882673 0.8636705764490645 
28 0.7191838426606123 0.7200772070496053 0.7577973275206124 0.7573807198493792 0.7200772070496015 0.7195695650229943 0.7577699529315379 0.7571467390713198 0.7577973275205954 0.7577699529315342 0.8781197561481711 0.8812030352074384 0.7573807198493829 0.7571467390713231 0.8812030352074318 0.8867712208736439 
24 0.7034071258401439 0.7024863823999562 0.7997121167301128 0.804246338193274 0.702486382399942 0.7011756738038943 0.7989709943773415 0.8044356499056873 0.7997121167300866 0.798970994377343 1.046782022636269 1.040444964734591 0.8042463381932673 0.8044356499056847 1.040444964734589 1.034124388747154 
20 0.81174863302123 0.8117363121135671 0.9354778492887296 0.9399098260873272 0.8117363121135618 0.8112968858176377 0.9361127411919742 0.8515013222444439 0.9354778492887277 0.9361127411919749 0.9516404913199594 0.9557349541910518 0.939909826087319 0.9403420361761815 0.9557349541910553 0.9595017949305173 
16 0.9613462819944651 0.9612053680958299 0.8121459543607586 0.810641004272963 0.961205368095832 0.9624472929279357 0.8114821031709011 0.8100723137698094 0.8121459543607594 0.8114821031709051 0.7555096198293173 0.7558340385938892 0.8106410042729661 0.8100723137698116 0.755834038593889 0.754336840363851 
12 0.766655696490171 0.7665570072303569 0.7733426240672576 0.7712616773523111 0.766557007230356 0.7667251796436482 0.7734176098286716 0.7711479795262539 0.7733426240672586 0.7734176098286709 0.7162685727325323 0.7158879526490182 0.7712616773523104 0.7711479795262527 0.7158879526490172 0.7153914943294165 
8 0.7976579477071265 0.7975121172430809 0.7353235144275955 0.7700269938114346 0.7975121172430809 0.7974201404204301 0.734816515068466 0.7689140745858629 0.7353235144275961 0.7348165150684649 0.7091953729138488 0.7096510875236277 0.7700269938114346 0.7689140745858626 0.7096510875236275 0.7092404487595005 
4 0.7771303065879351 0.7775113616389654 0.7406558402148863 0.7409160297266872 0.7775113616389653 0.7776470536276305 0.7411329532772021 0.741219434323785 0.7406558402148863 0.7411329532772021 0.7212425011167735 0.7212154086508594 0.7409160297266872 0.741219434323785 0.7212154086508593 0.7214309514988736 
