400 0.00812138462701912
396 0.008344843818793489
392 0.008526412219737737
388 0.008886893994740925
384 0.009964633638758739
380 0.01032267999633858
376 0.01044213216697784
372 0.01064229109588735
368 0.0109913548626717
364 0.01113292533809086
360 0.01148428876414246
356 0.0117138121617921
352 0.01168375075221671
348 0.01214475134719936
344 0.01261662788655523
340 0.01265052287651075
336 0.01190556050071271
332 0.01195094539068493
328 0.01187931236263737
324 0.01113006652034531
320 0.009722517333150377
316 0.009256054924409441
312 0.008983839302838234
308 0.008467529215637207
304 0.007811916483707864
300 0.00705976756954434
296 0.006548646489963996
292 0.005941846777869792
288 0.005297409881476641
284 0.004956748158441085
280 0.004519999006946612
276 0.003699851533119124
272 0.002778318565360967
268 0.002439996027145262
264 0.001462186431846586
260 0.002225326893446471
256 0.002896060408762184
252 0.003724436021423357
248 0.00523677900889528
244 0.007067512434323189
240 0.008655661923285561
236 0.01020507360317807
232 0.01064067321843975
228 0.01203533378516521
224 0.01346096488725297
220 0.01360102433020413
216 0.0142085817296217
212 0.01437662894187552
208 0.01354254548328554
204 0.01185108226146971
200 0.01250791003778221
196 0.01228933233608734
192 0.01126336280102455
188 0.0108222110266316
184 0.01090333386988332
180 0.009480096157995008
176 0.009427654002776922
172 0.009602073336266972
168 0.009099373748222004
164 0.007914483928153467
160 0.01004900301706673
156 0.01018147944749867
152 0.01012911365440772
148 0.01666323180021808
144 0.0232756051676794
140 0.02945082013084043
136 0.03482699644461673
132 0.04337607565564327
128 0.05171365346037798
124 0.05878287614830197
120 0.06514024176090479
116 0.07618524486618816
112 0.08527041388204208
108 0.08857655568559805
104 0.1032274463240841
100 0.1080750191970619
96 0.1200093744465865
92 0.1291244526503635
88 0.1483491054333947
84 0.1562200247718977
80 0.1764747422833772
76 0.1846598418679681
72 0.1918541230816814
68 0.1958064795488386
64 0.1972660403127532
60 0.1997833714868147
56 0.197887360477242
52 0.1885935042368733
48 0.188087853652489
44 0.1746705133461784
40 0.1605530038184561
36 0.1427859256007545
32 0.08111526295308431
28 0.01469980757461091
24 0.05462713507763888
20 0.1258861195821417
16 0.2023985553161948
12 0.3132789499181924
8 0.4331854832929354
4 0.6143883557082066
