400 0.009399858946174225
396 0.009976713096412276
392 0.01007024941791032
388 0.01029384292785405
384 0.01065749288873724
380 0.0110156995028755
376 0.01147543646488674
372 0.0123487124769717
368 0.01252186183838977
364 0.01263735995160893
360 0.01303338275032504
356 0.0130989992949293
352 0.01277898306780935
348 0.01263827236733324
344 0.01304880013271034
340 0.01335102522635588
336 0.01284987501830139
332 0.01274950165402784
328 0.0125936155044789
324 0.01209309072283966
320 0.01057387661093947
316 0.01033805071194691
312 0.009877190639107181
308 0.009126831621499193
304 0.008494473702198775
300 0.008099155815562373
296 0.007460868554325405
292 0.006752429024581189
288 0.005890368400420905
284 0.005646747082629239
280 0.005355933573747963
276 0.004415007166294052
272 0.003843913780906814
268 0.003869436434373358
264 0.002683971918831588
260 0.003788934739481571
256 0.004807382152406454
252 0.005180081755311898
248 0.00695170638443073
244 0.008865972691030281
240 0.01083219993265311
236 0.0124362825941681
232 0.01357518866603542
228 0.01512850080383656
224 0.01669903150359358
220 0.01845886960985941
216 0.01961631257586033
212 0.01945145006253913
208 0.01722602175876657
204 0.01504673685445025
200 0.01600983969403471
196 0.01567692483068711
192 0.01453690669345995
188 0.01342756290520234
184 0.01350244780191978
180 0.01343244735826176
176 0.01337286967460762
172 0.0135523154639904
168 0.01369216708290547
164 0.01197042267758518
160 0.01174973670125099
156 0.01280504713792282
152 0.01290768337980356
148 0.02172005576320922
144 0.03199520486652008
140 0.03275842860140127
136 0.04081658809575681
132 0.0481857474190369
128 0.0581342032230596
124 0.07541360117968052
120 0.0818365438113553
116 0.08674427982725282
112 0.08984225390532151
108 0.09210823014895379
104 0.1058602770475285
100 0.1102613075300381
96 0.1290170555485725
92 0.1459413133726314
88 0.1713066703398503
84 0.1808880131921255
80 0.1921969587488599
76 0.2039634237294162
72 0.2134791697072556
68 0.2119570504745666
64 0.2025376170170034
60 0.2033212383263814
56 0.2097914699100804
52 0.1935545574160704
48 0.1933472761418091
44 0.1780640383454642
40 0.1737373267300503
36 0.171006852749263
32 0.0957777333308326
28 0.02295803596619053
24 0.1021360408841024
20 0.16265817458533
16 0.2801890940728667
12 0.3605202138603436
8 0.4502024746590217
4 0.6601251261968565
