400 0.08684182670109364
396 0.08765970249243724
392 0.08828846560355276
388 0.08863494833532624
384 0.09098508627924622
380 0.09212317351495078
376 0.09337638184961558
372 0.09232190645254859
368 0.09531704861691991
364 0.09539895908333336
360 0.09693315626008085
356 0.09769589156925947
352 0.09995958991994215
348 0.09957367106271603
344 0.09978727705453495
340 0.1021810556969035
336 0.1017971357749951
332 0.1033425363352132
328 0.1048477342060688
324 0.1048266492795728
320 0.1066190006761302
316 0.1088157398951577
312 0.1089767686763465
308 0.1089709209004919
304 0.1080474490154877
300 0.1125917466764581
296 0.1127647319904225
292 0.1106714657671713
288 0.1090158605012752
284 0.1082580929902851
280 0.1069772271114825
276 0.1070812763003767
272 0.1066779801872565
268 0.1038198470620364
264 0.1083030775690658
260 0.1068601304719953
256 0.108114022477866
252 0.1081363696912096
248 0.1071218249544049
244 0.1133328585267404
240 0.1225535998896821
236 0.119131790036334
232 0.1143729711939184
228 0.1080803778875729
224 0.1020676821619025
220 0.09915587251181965
216 0.09516950787457122
212 0.1017536382364391
208 0.1024615808201767
204 0.1046682953511341
200 0.1011829496392222
196 0.1043731789732488
192 0.1178494035416821
188 0.1272251872274463
184 0.106884837497232
180 0.1199340960424479
176 0.1228764417280921
172 0.1190295740447343
168 0.1096088498088538
164 0.109599149488913
160 0.1121894517446752
156 0.1175535673569708
152 0.1268762645313785
148 0.1356187665014911
144 0.1392888810451461
140 0.1492943720271405
136 0.1658193872016775
132 0.1673503805526536
128 0.184932556909471
124 0.1883106774300466
120 0.1975205757492602
116 0.2048462345840709
112 0.2376460496294472
108 0.2404875202023886
104 0.2499633725903124
100 0.2610776069137749
96 0.2584404245966987
92 0.2607815642484304
88 0.2914421971761183
84 0.308153036679708
80 0.3418346892227649
76 0.3352733415333244
72 0.3411423490117802
68 0.3598279481969102
64 0.339474372217584
60 0.3488727714007551
56 0.3786582812089805
52 0.5654858959565969
48 0.5515378427134375
44 0.642314353094062
40 0.6011735995298954
36 0.6386961053836311
32 0.7765144053313503
28 0.8742299924953185
24 0.9185938396478889
20 0.9429198261647768
16 0.9364034461851725
12 0.698750040035769
8 0.4558139660010249
4 0.5616650034199954
