400 0.06805389302465258
396 0.06839222281500831
392 0.06886012811177152
388 0.06900408258583965
384 0.07062211096660506
380 0.07113126374699616
376 0.07146444930192694
372 0.07150654642090662
368 0.07530967346483092
364 0.07550887256910709
360 0.07578732974515001
356 0.07605154540318371
352 0.07720410732767105
348 0.07664288504747876
344 0.07680680362498223
340 0.07824379642183785
336 0.07746426188454211
332 0.07776458019685265
328 0.07838789985192883
324 0.07874964490198208
320 0.08024704202388416
316 0.08085072675456702
312 0.08068399849772401
308 0.08122646924127756
304 0.08167229477337162
300 0.08544122124016489
296 0.08428711942320727
292 0.08403285462964234
288 0.08371043241654474
284 0.08277332890894493
280 0.08175726462401621
276 0.08308529948424156
272 0.08098501692545867
268 0.0803063734427726
264 0.08211240459893317
260 0.08214396472390156
256 0.0823942048160629
252 0.0816080781115707
248 0.0812021172007335
244 0.0843701206901397
240 0.0877993989962689
236 0.08506602194569134
232 0.08641557211029263
228 0.085113872828815
224 0.08418115783350089
220 0.08277192067858806
216 0.08115411124689265
212 0.08568900835449031
208 0.08654784293691982
204 0.08578495822406838
200 0.08545399972881174
196 0.08912649225224503
192 0.09555336543518984
188 0.1012397161447515
184 0.1002303852565242
180 0.106434993337969
176 0.1104781232879695
172 0.121876046758723
168 0.119629030579073
164 0.1327330128333735
160 0.139529695256467
156 0.1308529852849113
152 0.1422585818957649
148 0.14877438644731
144 0.1577193918047526
140 0.1694561857045283
136 0.1788375677374044
132 0.1995202217346327
128 0.2176189195095171
124 0.234576743429026
120 0.2419917711029368
116 0.2644990207744051
112 0.2806327893870454
108 0.2861615384818931
104 0.3074038254453493
100 0.3220095323583948
96 0.3372914790810464
92 0.349528372202672
88 0.3741147084008419
84 0.3781995852662333
80 0.4180090346449206
76 0.4178973606021987
72 0.4311686435999293
68 0.4452171317487096
64 0.4477022026143491
60 0.4513346696744812
56 0.4680036799432609
52 0.5325083348917669
48 0.5297247850070432
44 0.5700885116996348
40 0.5701869390145188
36 0.5940590653653063
32 0.6195068377457599
28 0.6537073372363014
24 0.6752431603165268
20 0.6743786516381257
16 0.6406815270804582
12 0.5525138701725386
8 0.426883216078475
4 0.499738202410819
