1200 0.1049760911792536
1196 0.1051239786604912
1192 0.1051600259582599
1188 0.1053923509284591
1184 0.1059677175890216
1180 0.1062330545663643
1176 0.1063309480725682
1172 0.1065144551046392
1168 0.1067155729174756
1164 0.1072315321228943
1160 0.1085201438345651
1156 0.1088665481614481
1152 0.1090772627510881
1148 0.1093237385328679
1144 0.1098322323801481
1140 0.1110852931347806
1136 0.1115199959743788
1132 0.1116692101244528
1128 0.1122429252902178
1124 0.1126663610376069
1120 0.1132527874207932
1116 0.1135701639074591
1112 0.1138435218918651
1108 0.1144075110732794
1104 0.1146884033924106
1100 0.1159426766479611
1096 0.116798201514677
1092 0.1174483841003202
1088 0.117790691937425
1084 0.1182710931791707
1080 0.1187964456159697
1076 0.1190943739224466
1072 0.1196786228149315
1068 0.1201823287773376
1064 0.1204942922149649
1060 0.1212247834515755
1056 0.1214949881110083
1052 0.1214844488680168
1048 0.1217030994720332
1044 0.1215014039614874
1040 0.1212908110621134
1036 0.1215940043108833
1032 0.1218955208551359
1028 0.1221843256661072
1024 0.1223013473880947
1020 0.1224245451411361
1016 0.1226262010776005
1012 0.1227710166655852
1008 0.1227412927538634
1004 0.1228373264871226
1000 0.122875100845086
996 0.1230772916348889
992 0.1231604844238956
988 0.1232279164490582
984 0.123747520834295
980 0.1238229466079019
976 0.1239687893522062
972 0.1239925919048199
968 0.1240128453204859
964 0.1241449290727586
960 0.1243803464147346
956 0.1245241555456455
952 0.1247549258232228
948 0.1251103913994487
944 0.1253321197444749
940 0.1259628556000029
936 0.1268563390876748
932 0.1271315232217086
928 0.1291224310471364
924 0.1295027374648561
920 0.129858125172529
916 0.1301461863049472
912 0.130925492088128
908 0.1312733054653278
904 0.1327345782139411
900 0.1330053110696937
896 0.1339768664413719
892 0.13468024143249
888 0.1353196362534103
884 0.1356577222473712
880 0.1365858927016621
876 0.1372993098926888
872 0.1380647137372188
868 0.1387278913862015
864 0.139996115418681
860 0.140595609436644
856 0.1412494901598229
852 0.1416389549359364
848 0.1420947790532313
844 0.1428466099639291
840 0.1431744350253874
836 0.1434779857824738
832 0.1438077305322809
828 0.1441863638415836
824 0.1445942128183535
820 0.1450423521048673
816 0.1452776026142485
812 0.1455184850708416
808 0.1458149251607748
804 0.1459882356185967
800 0.1462453738341276
796 0.1464230419355246
792 0.1468163384663934
788 0.1469922536191345
784 0.1476025396135509
780 0.1477948770828721
776 0.1488401138470149
772 0.1491283747771568
768 0.1495058441179035
764 0.1499041596331501
760 0.1500805087623487
756 0.1505652886771013
752 0.1509106836895191
748 0.1514123169184101
744 0.1517627499751542
740 0.1522118913797635
736 0.1526471090809041
732 0.1536594158644108
728 0.1554856248262341
724 0.1565865277595186
720 0.1576636319056587
716 0.1583172048002436
712 0.1589185776847796
708 0.1594740336056913
704 0.1603933107811034
700 0.1612262509963476
696 0.1616290294077402
692 0.1621555626984455
688 0.1641500701931927
684 0.1650427985272611
680 0.1665994838721754
676 0.167281693045827
672 0.1679796557737936
668 0.1688222455163321
664 0.1693525122537236
660 0.1705985700989748
656 0.1716710204180924
652 0.1722663900526142
648 0.1726994065114273
644 0.1732765859288922
640 0.1737657721703595
636 0.1742930186252797
632 0.1750217782577223
628 0.1753846020088876
624 0.1764555052121883
620 0.1769023432630712
616 0.17727649952186
612 0.1776407494416152
608 0.1782462578863878
604 0.1785556606915038
600 0.1789402024646295
596 0.1797269623067788
592 0.1800393317836367
588 0.1815406482102184
584 0.1818627062052789
580 0.1824324506964465
576 0.1830700930263357
572 0.1834677015020741
568 0.1846152777714733
564 0.1857531206970506
560 0.1860956656003062
556 0.1868859282261898
552 0.1875803858799183
548 0.189547827879946
544 0.1914464650977029
540 0.1920933532667152
536 0.1937089704665259
532 0.1950386606554065
528 0.1957909604494233
524 0.1969706928625281
520 0.1977382297833738
516 0.1996213466347433
512 0.2007033512677682
508 0.202316115681285
504 0.2050185409450684
500 0.2058694797301891
496 0.2066317782609296
492 0.2074227337661211
488 0.2087720034497975
484 0.2099564273314559
480 0.211321780743576
476 0.2122453902033839
472 0.2126816992615495
468 0.2131491505143116
464 0.2139451363193607
460 0.2148351342634641
456 0.2156249355001627
452 0.2167694959541705
448 0.2176613047646086
444 0.2179658458130958
440 0.2184544176973045
436 0.2190975815778392
432 0.2198613018650113
428 0.2211944390659721
424 0.2231764500373539
420 0.2238218679011305
416 0.2245176439484926
412 0.22620014598532
408 0.2268391566970003
404 0.2287727751957518
400 0.23159351820014
396 0.2321125149171135
392 0.2376548171918231
388 0.2392504313301272
384 0.2404936940442762
380 0.2427546097889561
376 0.2462510713916384
372 0.2474439929269476
368 0.2491830780927204
364 0.2516579487017316
360 0.2557707076613825
356 0.2575415084247828
352 0.2594898869650564
348 0.2631086678859013
344 0.2656159022373096
340 0.2666785489385442
336 0.2691287944101244
332 0.2704443696693652
328 0.2733155008542201
324 0.2750175008994581
320 0.2762435647868703
316 0.278058254771418
312 0.279123882778866
308 0.2807049516495946
304 0.2828589904897343
300 0.2834765959303027
296 0.2878901636939413
292 0.2892851162779995
288 0.2913839511913601
284 0.2935996393311153
280 0.2948779713152948
276 0.2972923171915049
272 0.3005215895867036
268 0.3041434758501663
264 0.3144303420799307
260 0.3189484106401884
256 0.3223725429068876
252 0.3246837445084604
248 0.3286700619712429
244 0.3355456038101307
240 0.3387408030667351
236 0.3443605481811096
232 0.3494724097077749
228 0.3520636581219008
224 0.3572364771723893
220 0.3605218064463148
216 0.3639401331709367
212 0.3708934656733954
208 0.3729096475919955
204 0.3769244429757713
200 0.3794017386000628
196 0.3821018372872045
192 0.3853333507969748
188 0.3917158222058219
184 0.4006929182105283
180 0.4041646474166623
176 0.4058170096563832
172 0.4126842427258164
168 0.4185401541985385
164 0.4216184127069304
160 0.4320921055162916
156 0.4409870567358563
152 0.4445218910170615
148 0.4526697910059029
144 0.4541904686347707
140 0.473340614232938
136 0.4819880192295424
132 0.4845873614359761
128 0.4943344909904125
124 0.5043623610551905
120 0.513014033621872
116 0.5176021501338373
112 0.5249369757619392
108 0.5323730094776746
104 0.5396322792766608
100 0.5487446480960859
96 0.5545451329360672
92 0.5628133726627869
88 0.5717857292442959
84 0.59688821613274
80 0.6078736575293298
76 0.6300897593100603
72 0.6402479879935088
68 0.6473791440559385
64 0.6657212925545397
60 0.6736743409402359
56 0.6922556813168588
52 0.7128076409894354
48 0.722111319039117
44 0.7337625473597468
40 0.7465810342219761
36 0.7637416641877398
32 0.7898265531406883
28 0.8153478330119236
24 0.8281190066667599
20 0.8746098967849628
16 0.887527798891633
12 0.9074862876973524
8 0.9273437315147016
4 0.9601845989190875
