1200 0.1862086430140349
1196 0.1861949028421822
1192 0.1858689702444729
1188 0.1853025964422995
1184 0.1861460053980653
1180 0.1866811295035624
1176 0.186384822051707
1172 0.1870558044758938
1168 0.1873479657512446
1164 0.1882580962736574
1160 0.189373645448525
1156 0.1895882289442728
1152 0.1895210457639089
1148 0.189816853006762
1144 0.190822022051611
1140 0.1915405145065814
1136 0.1919287662307025
1132 0.1916650985385974
1128 0.1923984457317099
1124 0.1933621676420513
1120 0.194323887370273
1116 0.1948230706743099
1112 0.1948920056759201
1108 0.1954776701014388
1104 0.1953293855007374
1100 0.1959097583212019
1096 0.196953167551378
1092 0.1980358957941599
1088 0.1982694804856143
1084 0.1988951857650186
1080 0.1990846292157502
1076 0.1993928092395244
1072 0.1999871203312792
1068 0.2007245082960513
1064 0.2007253944836457
1060 0.2011876275586935
1056 0.2012621936923324
1052 0.2001607930209833
1048 0.2002994514494663
1044 0.2000846812884868
1040 0.1979027078059542
1036 0.1982647132865126
1032 0.1983467467130469
1028 0.1983436018509295
1024 0.1983230005340046
1020 0.1981230183917276
1016 0.1980344630629481
1012 0.1979485782621377
1008 0.1975920466936762
1004 0.1974849615502836
1000 0.1972428803949802
996 0.1972922430328164
992 0.1967817031785451
988 0.1967647547622498
984 0.1997586120219532
980 0.1995988188286407
976 0.1991927861624468
972 0.1990459663115484
968 0.1988306298838945
964 0.1988627974984521
960 0.1991862558974161
956 0.1991031373747053
952 0.19971434288253
948 0.2003971840457208
944 0.2011782929671196
940 0.2017630813075258
936 0.2051458625567267
932 0.2055933495341079
928 0.2110300549463304
924 0.2115597262823859
920 0.2118436193463747
916 0.2119805935935061
912 0.2128534157178469
908 0.2137713426618134
904 0.2162251671213744
900 0.2159406325661267
896 0.2186859434205502
892 0.2196128610207307
888 0.2222996367149855
884 0.2224006159443049
880 0.223536100988413
876 0.2247709346055498
872 0.2258845718383372
868 0.2270907743909066
864 0.228345080118224
860 0.2290477771850444
856 0.2299709027752317
852 0.2305476602198456
848 0.2308935370034252
844 0.2316069663390517
840 0.2316548733560526
836 0.2313698441256094
832 0.2315063530350204
828 0.2315447975543434
824 0.229098394559621
820 0.2296641510277214
816 0.2296421043053286
812 0.2296522249772047
808 0.2297914183490616
804 0.2298068688444267
800 0.229835758643513
796 0.229026107533359
792 0.2282836873758153
788 0.2282455165294159
784 0.2298114388546198
780 0.2295831326030316
776 0.234522702077487
772 0.2344945701878523
768 0.2345896510280315
764 0.2345480897805571
760 0.2341190482242267
756 0.2331752361763233
752 0.2334679157377947
748 0.2332413092791686
744 0.2329397587573679
740 0.2336307845200675
736 0.2332976289990996
732 0.2357196420018083
728 0.2405576604012978
724 0.2416030110351828
720 0.2423631250371799
716 0.2430429960302139
712 0.2430429435039044
708 0.2435853067966467
704 0.244026872751682
700 0.2448841758054956
696 0.2454125218946789
692 0.2461090841731169
688 0.2492046997553998
684 0.2506207189283304
680 0.2512357544348892
676 0.2527225109600243
672 0.2536705045099094
668 0.2546357705377222
664 0.2551491244004891
660 0.2562308637875698
656 0.2579001830389315
652 0.2583552643518232
648 0.2586613881725335
644 0.2585885364185717
640 0.2587614790108247
636 0.2589667934819406
632 0.2597205262578416
628 0.2600948553942632
624 0.2599960573167244
620 0.2602530160066274
616 0.2603633165480991
612 0.2603198848666816
608 0.260465391546461
604 0.2604381239160258
600 0.2602987728779129
596 0.2599806682146438
592 0.2600218802338984
588 0.268326377989723
584 0.2682485149192914
580 0.2688426227137437
576 0.2688237064785098
572 0.2687721653355772
568 0.26888299309707
564 0.2686626503724581
560 0.2684567660330921
556 0.2683957412493209
552 0.269381272096187
548 0.2749353404272111
544 0.2768422081076449
540 0.277527080001931
536 0.2772237790049102
532 0.2777526496364405
528 0.2785863218564906
524 0.2796651094732989
520 0.2803967660905972
516 0.2835698643455376
512 0.2847966833665593
508 0.2850783523105908
504 0.2863967425609015
500 0.2873879640004829
496 0.2887108829776568
492 0.2892983607819337
488 0.2912535837499392
484 0.2921729991529501
480 0.2928887549436818
476 0.293229903161658
472 0.2927083851732001
468 0.2860660549187586
464 0.2862483646241624
460 0.2870646948638187
456 0.2870831664201818
452 0.2860289491460587
448 0.2859900707148235
444 0.2856340344924505
440 0.2831714090928981
436 0.2802179686213292
432 0.2795450832176476
428 0.2839688326213083
424 0.2913239618678113
420 0.2936049629957936
416 0.2960827810078214
412 0.3026257637986482
408 0.304177283273887
404 0.3094948105164065
400 0.3184882927522851
396 0.3191814973026922
392 0.3226996612099716
388 0.3252588432689462
384 0.3278764472109181
380 0.332343650016543
376 0.3364261691943541
372 0.3373098877992253
368 0.3381349564456574
364 0.3383958490420555
360 0.3398751885837985
356 0.3402869307882732
352 0.3404616440355558
348 0.3404977848556395
344 0.340824996512009
340 0.3407044138144563
336 0.3410431574200622
332 0.3414148529959072
328 0.3454289147488587
324 0.3534998450484379
320 0.3540297155935117
316 0.3549345747218596
312 0.3560218641058456
308 0.3566576508261962
304 0.3699276946941112
300 0.3721428148453643
296 0.3975239446715174
292 0.3989962200225336
288 0.40583280913536
284 0.4128780708720482
280 0.4180763943225878
276 0.4223746176496548
272 0.4319799384388937
268 0.4349098232490891
264 0.4464184243885993
260 0.4553586703419246
256 0.462640893501835
252 0.4673246155082912
248 0.4721591348403699
244 0.4787669333872242
240 0.4814163923440938
236 0.4813522805381609
232 0.4854957370590968
228 0.4862083559303156
224 0.4858958608925825
220 0.4864361439825856
216 0.4851744728340822
212 0.4899665063855869
208 0.4895891690638165
204 0.488395298921374
200 0.4910089818855398
196 0.4934316290757119
192 0.496315943678429
188 0.5078900995277021
184 0.5197554787278262
180 0.5264770997130298
176 0.5305055180607623
172 0.5400582349245564
168 0.5492484309504946
164 0.5562818286364004
160 0.5710862573157107
156 0.5882587183679641
152 0.5936050859418078
148 0.6071405208047403
144 0.6087981071004528
140 0.6130235235153555
136 0.6211481209295115
132 0.622776098247357
128 0.6251503663755107
124 0.6278908180014025
120 0.6292479483371498
116 0.6296687685696088
112 0.6267315164532443
108 0.6279945379996226
104 0.640887271950513
100 0.6639888109995504
96 0.6649580823941499
92 0.6732475255542215
88 0.6805927752658252
84 0.7385438769548233
80 0.750319464979379
76 0.7772511787833308
72 0.7923192208738509
68 0.7962069876416875
64 0.814534883365762
60 0.8179700041534954
56 0.8181888753979728
52 0.8038206091535035
48 0.8051121024751493
44 0.8130914663922783
40 0.8208903940858286
36 0.8347226361323278
32 0.8877593544096565
28 0.8998031422671399
24 0.9153179884832663
20 0.9389175856966778
16 0.9629839351605082
12 0.9867324574650579
8 0.9935153345446058
4 0.9996159646969457
