1200 0.02796012952474977
1196 0.02794734703383704
1192 0.02806795791359684
1188 0.02789644775919068
1184 0.02773478700669598
1180 0.02771661179630621
1176 0.02779035004434848
1172 0.02785547547416358
1168 0.02768360398079685
1164 0.02740398162751302
1160 0.0272067960826467
1156 0.02731961868797706
1152 0.0272756354670884
1148 0.02730461992125418
1144 0.02736124379862382
1140 0.02730746296012162
1136 0.02732571206758174
1132 0.02735655294278543
1128 0.02744909096433787
1124 0.02749561499094163
1120 0.02747346082303304
1116 0.02758728953459695
1112 0.02761582243426822
1108 0.02777037115490776
1104 0.02749369649500023
1100 0.02746569968898054
1096 0.02757490983874997
1092 0.0276861158358881
1088 0.02776857456889491
1084 0.02787403514996247
1080 0.02788133255576552
1076 0.02794741114777095
1072 0.02817069173941261
1068 0.02816264091914632
1064 0.02828366558385972
1060 0.02828713140309774
1056 0.02843682876735193
1052 0.02847682748183603
1048 0.02852658171838587
1044 0.02876490597722175
1040 0.02849634590535128
1036 0.02859928219653109
1032 0.02866705463782371
1028 0.02869837187648052
1024 0.02875656906010011
1020 0.02886561575269606
1016 0.02904724065769073
1012 0.02908356074407471
1008 0.0291255152750196
1004 0.02918945103231551
1000 0.02913671847441946
996 0.02930709298895055
992 0.02934427767370077
988 0.02937601494196183
984 0.03021186116600833
980 0.0302700443848454
976 0.03056597883965477
972 0.03071086644367422
968 0.03084902483153643
964 0.03108001528339729
960 0.03124196322709989
956 0.03140596184808932
952 0.03171955256160761
948 0.03204616181977759
944 0.03236162818191089
940 0.03257937550984587
936 0.03311155407963329
932 0.03331246622943802
928 0.03378601774684411
924 0.03394566228089866
920 0.03414438529947679
916 0.0343733069870126
912 0.03468023074864278
908 0.03488893654501504
904 0.03504051725879062
900 0.03510466179918092
896 0.0356284062326006
892 0.0358653262500503
888 0.03635368877382156
884 0.03648063281489695
880 0.03738937830267192
876 0.03762945236535512
872 0.03789769460932588
868 0.03816133830569442
864 0.03826711857193407
860 0.03842142878583454
856 0.03845042586770577
852 0.03842489540660563
848 0.03846864798325442
844 0.03853442145518704
840 0.03858562181220355
836 0.03854910456534498
832 0.03853212292564467
828 0.0385497400991002
824 0.03797719567312815
820 0.03803504647354428
816 0.03802716903283654
812 0.038070499247199
808 0.03805800037563935
804 0.03805113364316218
800 0.03803736360942099
796 0.03812727149783731
792 0.03827644994634812
788 0.03832365132186179
784 0.03877700589543083
780 0.03882465445481344
776 0.03899197298225571
772 0.03901703869457543
768 0.03926093114877858
764 0.03925770668726734
760 0.03935335965690115
756 0.03946354934445673
752 0.0394586794058578
748 0.03955716455903328
744 0.0395859723004923
740 0.0397106544371645
736 0.03984052162926207
732 0.03986463976436559
728 0.0405228217583125
724 0.04053340949078447
720 0.04070930439645566
716 0.04097141946979012
712 0.04092907830132696
708 0.04094953671479471
704 0.04107699431782308
700 0.04147967125905769
696 0.04162405870464874
692 0.04167781386411374
688 0.04201052557983048
684 0.04198793005318829
680 0.04307726237416725
676 0.04334732261627604
672 0.04336693927744636
668 0.04361378710006794
664 0.04369013356925634
660 0.04385266273912717
656 0.04384803334974971
652 0.04385442903897283
648 0.04386285115633677
644 0.04392114813176302
640 0.0440830721173605
636 0.04599602140630493
632 0.04626629977183612
628 0.04644186497517272
624 0.04655934172783057
620 0.04676214335440753
616 0.04682446005324365
612 0.04712489180191789
608 0.04748642448811622
604 0.0475725326688611
600 0.04882375982844289
596 0.04897693814183355
592 0.04925281531331056
588 0.05294058904831611
584 0.05315579113338556
580 0.05360006711339354
576 0.0540737869607247
572 0.05429493174585227
568 0.0545756845988906
564 0.05486663583639416
560 0.05505865322697554
556 0.05555289167130038
552 0.0560835363649976
548 0.05769236227477634
544 0.05883703513699394
540 0.05937077656391253
536 0.05930823542114345
532 0.05979162605332018
528 0.06053312258303967
524 0.061442832986352
520 0.06210890187985449
516 0.06345073346683201
512 0.06417136696448891
508 0.06652198682337616
504 0.06691778482395405
500 0.06754743655972884
496 0.06825984336102175
492 0.06856836481619748
488 0.06967881899935455
484 0.07034663294020879
480 0.07078971977330127
476 0.07115608727471175
472 0.07146901323438595
468 0.07191959172447024
464 0.07240098896375348
460 0.07334185615057806
456 0.0736896282040668
452 0.07407238831792665
448 0.07482219480851517
444 0.07521307742404425
440 0.07556631936339357
436 0.07603382133093023
432 0.07686980991461069
428 0.07780608974873465
424 0.07791042341582094
420 0.07797019124345041
416 0.07861979571997285
412 0.07903579515911369
408 0.07907107200204885
404 0.07982050077135516
400 0.08176091116066782
396 0.08200916033262536
392 0.08659641176956169
388 0.08738018995926232
384 0.08840964128468234
380 0.0915096209139942
376 0.09326567412955514
372 0.09407090116158232
368 0.09651372895046763
364 0.09885591925196782
360 0.1025714271631234
356 0.1054800902880275
352 0.1067091585679364
348 0.1115473515775594
344 0.1129075272366484
340 0.1142094745820347
336 0.1171993645635027
332 0.1203477550485152
328 0.1253248142695145
324 0.1314567104387634
320 0.1332637308840835
316 0.1363944299867024
312 0.1381930947912154
308 0.1389980925598654
304 0.144600679665377
300 0.1456787034925973
296 0.1571268895086638
292 0.1587700523193355
288 0.1611015282574205
284 0.1643808112246065
280 0.1664938691803395
276 0.1690105081505361
272 0.173102587725562
268 0.1748747109316629
264 0.185955843968966
260 0.1898229940529645
256 0.1940259374472429
252 0.1975292332703073
248 0.2010707624188516
244 0.206207137035322
240 0.2081562850553923
236 0.2203674112904533
232 0.226678557744355
228 0.2296435800597515
224 0.2334642640333604
220 0.236771622901959
216 0.241581462795346
212 0.2532241513436806
208 0.2560907814992073
204 0.2621331835417789
200 0.2670272561167809
196 0.2716730393148838
192 0.2755312117542091
188 0.2865417821322141
184 0.2945150052685566
180 0.3006116201431957
176 0.3029369044278741
172 0.3088535275111102
168 0.3167817547229386
164 0.3197680301050155
160 0.336288838846403
156 0.3472979636833219
152 0.3526830478201085
148 0.3648193563706584
144 0.3672072124734057
140 0.3979583406417619
136 0.4105974773469069
132 0.4139918375412355
128 0.427902929301024
124 0.4410764772052523
120 0.4510206233505188
116 0.4571325737432178
112 0.466752010798036
108 0.4742903110784267
104 0.4861375753401139
100 0.500106923592613
96 0.5076808764319783
92 0.5159123407905994
88 0.5230961242900014
84 0.5516061224149422
80 0.5579021700981075
76 0.5776664387239734
72 0.58708715499032
68 0.6029176609498786
64 0.6185666644664716
60 0.6345819547077186
56 0.6835231127946657
52 0.6997566992727878
48 0.7139138828436034
44 0.7319723401847198
40 0.7435500681544739
36 0.7537651331474767
32 0.8481591313682629
28 0.8570756833753418
24 0.8751126674801987
20 0.9276622499073222
16 0.9411230784314775
12 0.9572976952835477
8 0.9652651105052462
4 0.9962225964495438
