1200 0.02485761882643281
1196 0.02488470437195094
1192 0.0249611612385996
1188 0.02502074972945685
1184 0.0251641225324329
1180 0.0251507566334911
1176 0.02522167057432886
1172 0.02527494210069651
1168 0.02528060235106625
1164 0.02528067265435318
1160 0.02530469140178187
1156 0.02543162264636168
1152 0.02552494102875484
1148 0.02555268222435862
1144 0.02561945320613756
1140 0.02584553818598346
1136 0.02591174074999944
1132 0.02592478462838216
1128 0.02601682082837278
1124 0.02609673200215038
1120 0.02616925733354972
1116 0.02625378823857344
1112 0.02630904479800067
1108 0.02645622035719597
1104 0.02640361720310827
1100 0.0263857791586945
1096 0.02650544568475382
1092 0.02660607541369203
1088 0.02673646421212947
1084 0.02684598568846298
1080 0.02687789151674495
1076 0.0269274850496092
1072 0.02714245861159521
1068 0.02719203037329466
1064 0.02728129331036229
1060 0.02736712060789872
1056 0.02749507234851759
1052 0.02742446978025845
1048 0.02747913235468069
1044 0.02734624155272133
1040 0.02729138326687015
1036 0.02738530537408003
1032 0.02744455115931505
1028 0.02753834159181598
1024 0.02757422347244828
1020 0.02764290941676104
1016 0.02778732777613574
1012 0.02781721491990221
1008 0.02776851445141159
1004 0.0278152482417466
1000 0.02779252180639935
996 0.02772611576180812
992 0.02774700773489205
988 0.02776036669941083
984 0.02789637295499161
980 0.02792274322608067
976 0.02810120440207639
972 0.02813064080779967
968 0.0281099955898809
964 0.02818347668219854
960 0.02829126640329585
956 0.0282993210561448
952 0.02845861467303612
948 0.02849285509146502
944 0.02855701376039474
940 0.02880744931582715
936 0.0290613337365046
932 0.02913265671370015
928 0.02975795218406307
924 0.02980168291772086
920 0.02984895049896515
916 0.02997978667358145
912 0.03009868009550338
908 0.0301264611825993
904 0.03039832202557437
900 0.03046665695985052
896 0.03071102456477453
892 0.03083875516415968
888 0.03101168644103428
884 0.03110349710775063
880 0.03135207922974108
876 0.0313714624001183
872 0.03154625481576862
868 0.03167751712390201
864 0.03186332131070209
860 0.03192501827479336
856 0.03198262944977404
852 0.03206393874476295
848 0.03210464842434366
844 0.03210837209782814
840 0.03210491872444836
836 0.03212135711133517
832 0.03206241147425495
828 0.03214251159125071
824 0.03221541561946088
820 0.03222777694430563
816 0.03221128007416538
812 0.03215588465734181
808 0.03210889309321475
804 0.03205575589044554
800 0.03194504318470209
796 0.03195784286291459
792 0.03205410008757246
788 0.03207541325220968
784 0.03229453204026527
780 0.0322749240557316
776 0.03277074813459886
772 0.03281486204316283
768 0.03286437251351394
764 0.03291722608036633
760 0.03297573796091718
756 0.03319817073308507
752 0.03330120710179624
748 0.03348503259653041
744 0.03361418803821989
740 0.03371597059832493
736 0.03388407949367949
732 0.03443964588382666
728 0.03615234901719893
724 0.03645902127476445
720 0.03692701200965776
716 0.03711618803713262
712 0.03721082846986769
708 0.03740061990085059
704 0.0377122509182798
700 0.03810778353765309
696 0.03830417282966676
692 0.03844153542347159
688 0.03910046116601228
684 0.03945082067781999
680 0.04046720335819286
676 0.04078409402821332
672 0.04094306048846472
668 0.04121923028493519
664 0.0413957612104859
660 0.0416234571886881
656 0.04181873500776941
652 0.04195924142484398
648 0.0420329569676778
644 0.042361312515941
640 0.04277602640411331
636 0.0428708013851527
632 0.04296997333498165
628 0.04301868369136884
624 0.0429817037118323
620 0.04302074264741132
616 0.04298574801925899
612 0.04311278453176347
608 0.04322179133270682
604 0.04327097974809465
600 0.04369467194622097
596 0.04387714074227849
592 0.04394799256560964
588 0.04517326581306737
584 0.04525548591571146
580 0.04539138072239877
576 0.0455881796100633
572 0.04561892681254312
568 0.04628374471691924
564 0.04683634231720163
560 0.04704518073483412
556 0.04746274088169913
552 0.04819683335289171
548 0.04972309858655448
544 0.0510710246674991
540 0.05132403719548173
536 0.05200474356684669
532 0.05273427682950188
528 0.05321645042961266
524 0.05404417994526697
520 0.05457444910457229
516 0.05590084974181109
512 0.05684449052256212
508 0.05901721962767609
504 0.0601009232482269
500 0.06063916287089011
496 0.06109231077615059
492 0.06154859213409564
488 0.06265247052889934
484 0.06337626978455922
480 0.06429535993083653
476 0.06520528024759127
472 0.06561008117753114
468 0.06678245752346412
464 0.06731434755313319
460 0.06787544768053171
456 0.06846169720595313
452 0.06923037870282603
448 0.07001332355406795
444 0.07035721413080949
440 0.07110946109980634
436 0.07230832310900413
432 0.07316326392046595
428 0.07425753968094577
424 0.07534632464929325
420 0.07570925143045104
416 0.07629756333037932
412 0.07686966362713872
408 0.0772283653267095
404 0.07853263180486575
400 0.07988399638590699
396 0.08024473546968112
392 0.08462551998757963
388 0.0854114368870772
384 0.0860825913787942
380 0.0876436345356769
376 0.09019704923885903
372 0.09097561725731941
368 0.09232251589687633
364 0.09547751482901823
360 0.09911290051064477
356 0.1007163952866065
352 0.1027383452798024
348 0.1067188754041021
344 0.1087374830747664
340 0.1099869407627522
336 0.113244646256854
332 0.115708108425391
328 0.1208516765719891
324 0.1240944715721136
320 0.1259635129740693
316 0.1285316234631527
312 0.1302651252228856
308 0.1324395830256938
304 0.1362207210136166
300 0.1372164776303591
296 0.1443649983086956
292 0.1466387672943966
288 0.1493383761315741
284 0.1523377406423228
280 0.1537258266178039
276 0.1566025575806705
272 0.1599149901854326
268 0.1644265613954093
264 0.1761562270510535
260 0.1805750626437285
256 0.183570885159682
252 0.1859746659369005
248 0.1894774746502862
244 0.1958665760549518
240 0.1984768074377299
236 0.2081419091182101
232 0.2132037149417463
228 0.215682489334442
224 0.2211099245035362
220 0.2245046528488356
216 0.2302823966475255
212 0.2465499896597524
208 0.2492338442629014
204 0.2557964509710712
200 0.2595311084153163
196 0.2632469265788431
192 0.2686196353884394
188 0.2790141554524253
184 0.289975978250907
180 0.2951835297937336
176 0.297295473937022
172 0.3062353944534779
168 0.3141287270144592
164 0.3179919938148059
160 0.3351719253797415
156 0.3446116383917451
152 0.3493958312231352
148 0.3620487858116452
144 0.3644795973612702
140 0.3974838150460127
136 0.4085535026822061
132 0.4122757771923812
128 0.4263528371754259
124 0.4398730031614775
120 0.4508010215121617
116 0.4560068254660903
112 0.4651844030993195
108 0.4728698986896547
104 0.4848776415097653
100 0.4961916248178599
96 0.50318861078192
92 0.5118942297864334
88 0.5234924205880188
84 0.5448316870732867
80 0.554700611364416
76 0.5769822628178194
72 0.5854993573482199
68 0.600038538942708
64 0.617763944473273
60 0.6267306471432462
56 0.6638841778510536
52 0.6994104577464519
48 0.7141115852860884
44 0.7308567997154644
40 0.7446062037941252
36 0.7551450211552876
32 0.8178257876168967
28 0.8590295567910897
24 0.8726342313817036
20 0.9287541436171247
16 0.9407838672802026
12 0.9551464212296132
8 0.9608120683997158
4 0.9962559282433214
