1200 0.05260050854176131 0.05171431508703105 0.05171431508704541 0.04876146612473892 
1196 0.05269207208264867 0.05163346233183617 0.05163346233184891 0.04870622045023451 
1192 0.05318893607282631 0.05185005041775954 0.05185005041778284 0.04991335293857308 
1188 0.05321510322471405 0.05188896616310001 0.0518889661631172 0.04991832926542897 
1184 0.05326542570765052 0.05184952927925503 0.05184952927925841 0.05006622133172619 
1180 0.053229513360595 0.05179502991213922 0.05179502991217618 0.04991296451525151 
1176 0.05349164219660388 0.05249942137094726 0.05249942137098998 0.04981223090988432 
1172 0.05350228473882741 0.05251088872261332 0.05251088872262497 0.0498211759060841 
1168 0.0535148906075412 0.05252644949508554 0.05252644949512054 0.06064318218080903 
1164 0.05830224512715333 0.05766457991611407 0.05253994928621641 0.06170718697915042 
1160 0.05830545651721238 0.05778774570294325 0.05778774570289548 0.05509263948028003 
1156 0.05834485687545433 0.05775478948106873 0.05775478948104572 0.05503989872628012 
1152 0.05839227296158277 0.05834321501455603 0.05834321501457818 0.05642875152980398 
1148 0.0590479881890165 0.05875943044260726 0.05875881306354636 0.05647579340323498 
1144 0.05904629337459268 0.05835898790229781 0.05835898790230784 0.0565075568486604 
1140 0.05910032790312105 0.05836245852486604 0.05836245852488153 0.05607819824137338 
1136 0.0591461195725763 0.05839674950826086 0.05839674950828491 0.05611588247712827 
1132 0.05889080763844543 0.05764231268615785 0.05764231268616515 0.05524240242999805 
1128 0.05903345541098354 0.05779647184296247 0.05779647184301003 0.05523109087119572 
1124 0.05851430167604962 0.05745908247607943 0.05745908247606083 0.05473441801945507 
1120 0.05853632179964492 0.05745198306518142 0.05745198306516026 0.05476284180300492 
1116 0.05855003911106462 0.05727037135461766 0.0572703713546297 0.0577554035003298 
1112 0.05859430983996577 0.05727759693507689 0.05726659440616289 0.05766561805838341 
1108 0.05870648066499851 0.05726209898766359 0.05726209898766359 0.05606100959954374 
1104 0.05869914585851199 0.05726806934915286 0.05726806934914975 0.05634231190832362 
1100 0.05959442253511661 0.0577271995791285 0.05772719957912826 0.05605074930916834 
1096 0.0598754111358861 0.05778566878156024 0.05778566878153441 0.0560563401360292 
1092 0.05943295794120534 0.05808748732277199 0.05808748732276524 0.05601920722957047 
1088 0.05939226686085366 0.05812350372972296 0.05812350372970011 0.05625766959421374 
1084 0.05753060399333149 0.05832315925263959 0.05832315925265043 0.05622996021236266 
1080 0.05760876610690231 0.05756619709911294 0.05756619709913235 0.05597626344127265 
1076 0.05759575372864766 0.05747923692090237 0.05747923692091729 0.05586662086303069 
1072 0.05758031768420226 0.05744681552488257 0.05746772769464474 0.0558640083969504 
1068 0.05734853059534249 0.05817375318905785 0.0581737531890364 0.05571336051569121 
1064 0.05703854460506382 0.05817096165017319 0.0581709616501756 0.05549430833243833 
1060 0.05706709010333492 0.05717270153406331 0.05717270153405823 0.05565423668407316 
1056 0.05688725361605661 0.05717135740436798 0.05717135740436409 0.05565119846171125 
1052 0.05772999660641726 0.0573489442182703 0.05734894421830242 0.05564517509191331 
1048 0.05784970984553171 0.05763449989360559 0.05763449989360692 0.05539471047610264 
1044 0.05557914148668918 0.05763765285141424 0.05763765285141691 0.05538598157200365 
1040 0.05541221760375421 0.05613162502843892 0.05613162502845015 0.05547180420193778 
1036 0.05550565341013466 0.05612592678823075 0.05612592678822248 0.05551257035070886 
1032 0.05551015747988588 0.05579637518813271 0.05579637518811242 0.05552556652754694 
1028 0.05535032125828938 0.05575604898181696 0.05575604898178113 0.05522251693554669 
1024 0.05534103079898454 0.05563534994313366 0.05563534994313996 0.05524462784531666 
1020 0.05532506593180719 0.05563442737384963 0.05563442737385337 0.05524752623914842 
1016 0.0553267676999034 0.05562160278282976 0.05562160278281161 0.05524539149928961 
1012 0.05510160730663147 0.05586441273434216 0.05586441273431854 0.05533826383588009 
1008 0.05508486410835982 0.05616779603819052 0.05616779603819941 0.05531601600448389 
1004 0.05507357280290364 0.05615703405346412 0.05615703405347568 0.05531840872778954 
1000 0.05495955201721097 0.05583049980718829 0.05583049980717564 0.05530153527813159 
996 0.055828194516305 0.05810403556491325 0.05810403556492866 0.05673843382669411 
992 0.05584900500688481 0.05810749417840987 0.0581074941784141 0.05674286968282203 
988 0.0558452801296442 0.05821375943439566 0.05821375943438357 0.05673127542394613 
984 0.06006878936740772 0.05993177060826146 0.05993177060823848 0.05658709915066573 
980 0.06001370522643213 0.05997288620098858 0.05997288620096954 0.05657194570316906 
976 0.06033019918754515 0.06021614876878276 0.06021614876880845 0.05667984866409953 
972 0.06036781839038735 0.06022608416640912 0.06022608416640082 0.05670213312660307 
968 0.06042010622956199 0.06029498337171015 0.06029498337170189 0.05652032167797306 
964 0.0603579306734783 0.060144470723777 0.06014447072379731 0.056393961991148 
960 0.06023164782076543 0.06008357764181062 0.06008357764178512 0.05654671776645592 
956 0.06026342980816873 0.05974429369816761 0.05974429369814378 0.05650611684311056 
952 0.06016114849621635 0.06012377595861045 0.06012377595865018 0.05656444329197522 
948 0.06022488240000198 0.06037783069913049 0.06037783069912181 0.05666337825844791 
944 0.06022342491137304 0.06042048151958329 0.06042048151955427 0.05986628144262279 
940 0.0603607981591108 0.06046597384534273 0.06046597384531847 0.0598768062258998 
936 0.06132674370712368 0.06631879865343994 0.06631879865336497 0.06381496200865398 
932 0.06148228739393168 0.06514356750786711 0.06514356750741004 0.06436107789695918 
928 0.06794368260203525 0.07082677147905114 0.07082677147907178 0.07080926055508431 
924 0.06787976410494548 0.07082297655638803 0.07082297655638659 0.07079715395349225 
920 0.06784794786177417 0.07082856449396574 0.07082856449394861 0.07082308735248168 
916 0.06816758685044683 0.07065416307225282 0.07065416307224803 0.0704892049817078 
912 0.06825342474888299 0.0704850908207255 0.07048509082075816 0.07057420686398116 
908 0.06815159512910506 0.07075132345791728 0.07075132345794392 0.07069882237321336 
904 0.0683620254803354 0.07073344882266971 0.07073344882266697 0.07076727761542155 
900 0.06747145762789575 0.07104752922471803 0.07104752922471595 0.07077647642293923 
896 0.06739793249444816 0.07121579652909232 0.07121579652909034 0.07082282402141811 
892 0.06735163113535289 0.07097436800166668 0.07097436800164493 0.07077049987465898 
888 0.06878354836652013 0.07094413011947194 0.07094413011947204 0.07076087752759011 
884 0.06878148437683781 0.07166046251949952 0.07166046251949715 0.07181124356567921 
880 0.06883478460371784 0.07164435358455425 0.07164435358455623 0.0718131028799484 
876 0.06885953346290415 0.0711830110476059 0.07118301104762553 0.07136715432129465 
872 0.07042206070343753 0.0717815389086876 0.07178153890869159 0.07236741168043714 
868 0.07041163393032933 0.07178140080213134 0.07178140080215364 0.07239515884366342 
864 0.07052893797938201 0.07178652249766924 0.07178652249767306 0.07228644775435092 
860 0.07058845773301395 0.07006206388434348 0.07006206388436122 0.07088550748299789 
856 0.06848176566673503 0.07118276451941886 0.07118276451940651 0.07175128427475642 
852 0.06820180818691562 0.07154263159944529 0.07154263159944395 0.07162423454046389 
848 0.06827576089615608 0.07165949957688128 0.07165949957688933 0.07163289815944987 
844 0.06752510958853675 0.07032682713797082 0.07032682713796967 0.07111495869781341 
840 0.06798666391234055 0.06987343930695755 0.06987343930694177 0.07072564525628663 
836 0.0679615336877718 0.06990083088725497 0.06961829866362609 0.07088379893103267 
832 0.06771506462878768 0.06990606251802076 0.06990606251801909 0.07041446877657104 
828 0.06771788776649508 0.07003806036125741 0.07003806036126177 0.07060249214664607 
824 0.06782907970763415 0.06846965548192159 0.0684696554819311 0.06910462941510673 
820 0.06774386563464825 0.06842947255405178 0.06842947255405631 0.06913038418441163 
816 0.06790324092261549 0.06843817088432155 0.06843817088432694 0.06899233008235608 
812 0.0679205719605761 0.06769320464431647 0.06769320464430321 0.06814314807981524 
808 0.0679134336000944 0.06786510116565901 0.06786510116564917 0.06803697462743497 
804 0.06796974265695689 0.06789166390727029 0.06789166390726203 0.06802375089792595 
800 0.06786337473150433 0.06788978978276036 0.06788978978275083 0.06801939024907873 
796 0.06787164304823905 0.06787853503612053 0.06787853503612562 0.06823082405603485 
792 0.06680409447806439 0.0682954036988767 0.06829540369887448 0.06823401660732979 
788 0.06671942798983137 0.06821192054201029 0.06821192054201448 0.06831389401765971 
784 0.06672239449898922 0.07003326421513205 0.07003326421513548 0.07047894535490223 
780 0.06669877309369791 0.07012996310365126 0.07012996310365892 0.07048938826694874 
776 0.07227676918636425 0.0776539534009436 0.07765395340100728 0.07580588543906389 
772 0.07293146267304651 0.07757579088881192 0.07757579088882971 0.07579497998510165 
768 0.07250404202938922 0.07730468709592597 0.07730468709595638 0.07581354667211218 
764 0.07261528077097669 0.07736760856728249 0.07736760856731614 0.07585271104546418 
760 0.07182363902508737 0.07731912637280744 0.07731912637281989 0.07580016502736432 
756 0.07557397283088196 0.07757225349433672 0.07757225349436715 0.07558178921525764 
752 0.07360551974711346 0.07793783895630862 0.07793783895628438 0.07621609300990939 
748 0.07281622440917471 0.07790805196337683 0.07790805196338722 0.07621641891485013 
744 0.07034811738936662 0.07792579519719517 0.07792579519719516 0.07634633168648035 
740 0.07103460842131916 0.07809047363177514 0.07809047363177446 0.07553946820771371 
736 0.07604751376659304 0.07842249290723775 0.07842249290722118 0.07539357737707464 
732 0.07553968814192978 0.07841991738526677 0.07841991738528929 0.07530459788798403 
728 0.08126957467918548 0.08778449563677806 0.08778449563676514 0.08477913926993437 
724 0.08133374768462062 0.0879504239063796 0.08795042390636341 0.08489591623247175 
720 0.08124742648358181 0.08898349947806641 0.08898349947803566 0.08456501703522747 
716 0.08140565155459956 0.08905155611482603 0.08905155611481491 0.08464967946195624 
712 0.08115490932989922 0.08888534286610944 0.08888534286612497 0.0847143052868886 
708 0.08204509995704025 0.0903011431339667 0.09030114313396434 0.08520747782536592 
704 0.08194102429200063 0.09023042622100187 0.09023042622099188 0.08525112864617211 
700 0.08190260100593237 0.09010727080097423 0.09010727080097014 0.08510597221691182 
696 0.08314824421737495 0.09002584533490783 0.0900258453349 0.08514114126833412 
692 0.08359066792242327 0.08902175022187508 0.08902175022188726 0.08476460403338787 
688 0.08361101832452598 0.08934695529637103 0.08934695529635164 0.08524304725884006 
684 0.08362464674115992 0.08940299713979939 0.08940299713979666 0.08518747604796423 
680 0.08548188233012891 0.08938960346796598 0.08938960346794679 0.08736652261592834 
676 0.0856377136630956 0.08977355607449032 0.08977355607450931 0.08736684041291728 
672 0.08536254969134635 0.08949916996659059 0.08949916996661557 0.08758156336421444 
668 0.08544981289593973 0.08754559827732027 0.08754559827730408 0.08609796648313577 
664 0.08602569937757545 0.08774574705174025 0.08774574705172786 0.08651853248774991 
660 0.0862140687865178 0.08750747442748613 0.08750747442746895 0.08674440100116931 
656 0.08620075718443919 0.08743773320904411 0.08743773320906134 0.08688815745217185 
652 0.08572435778746859 0.08798208223393526 0.08798208223393945 0.08676639089338721 
648 0.08672656774421782 0.08844521070281552 0.08844521070282527 0.0865432790450904 
644 0.08651994172142051 0.08659366551030472 0.08659366551030122 0.08633459099955605 
640 0.08566954365262758 0.08685011551209657 0.08685011551210836 0.08639032204984892 
636 0.08569042962021996 0.08471649211160022 0.08471649211160728 0.08601597911173699 
632 0.08579512785532127 0.08468541472441141 0.0846854147244053 0.0860150239128659 
628 0.08571054665252646 0.08431176133704649 0.08431176133704719 0.08592691171952149 
624 0.0853945463398008 0.08390141264816378 0.08390141264815651 0.0849765334718315 
620 0.08533972666234156 0.08403501725007026 0.08403501725006553 0.08506264973884946 
616 0.08506831667905979 0.0839695731829562 0.0839695731829586 0.08434367133717366 
612 0.08522510934083394 0.08394162259596144 0.08394162259596284 0.08440959897688018 
608 0.08514607152692734 0.08429601364240177 0.08429601364240832 0.08450995598909318 
604 0.08549758429679463 0.08421833378889927 0.08421833378890216 0.08453656202185583 
600 0.08761191436543467 0.08587384399883355 0.08587384399882873 0.08702530223073612 
596 0.08758020601814383 0.0858609770919745 0.0858609770919746 0.08706067619413572 
592 0.08763573201391385 0.08605858522388021 0.08605858522388041 0.08730536061313708 
588 0.09398432710166922 0.1016732034957235 0.1016732034956553 0.09093580037957595 
584 0.0941328087983973 0.1020733397985677 0.1020733397983406 0.0910436815402911 
580 0.09452159423405523 0.102184743440277 0.1021847434396981 0.09062989726149073 
576 0.09379272935210724 0.0989231876872488 0.09892318768765263 0.09096394831946868 
572 0.09361942117208479 0.09812224384180769 0.09812224384214227 0.0904750035115509 
568 0.09347066391273412 0.1012686880219854 0.1012686880223768 0.09474253147860577 
564 0.09642511113551414 0.102312842886271 0.1023128428861918 0.09759012156284667 
560 0.09644483886117543 0.1035621530565248 0.1035621530577123 0.09897716898901528 
556 0.09657342413140292 0.09936723511761716 0.09936723511883552 0.1057200642579818 
552 0.09803888106163058 0.1004499459271873 0.1004499459283644 0.1084766076688166 
548 0.1126844473596746 0.1191601243695247 0.1191601243697885 0.1160075544579525 
544 0.1127262958654081 0.1143369319929204 0.1143369319930009 0.1150743547108069 
540 0.113932924557597 0.1190246297251572 0.1190246297249887 0.1139680910966164 
536 0.1140353145853177 0.1248006425194718 0.1248006425193018 0.1120105174947898 
532 0.1139947212358012 0.1261864564477834 0.1261864564477433 0.1176398480178539 
528 0.1153721792626243 0.1244144519776148 0.1244144519777992 0.1164168976377745 
524 0.1137465353487974 0.1215192242084669 0.1215192242087909 0.1137259904237045 
520 0.1136677013027966 0.1223251987794217 0.1223251987809326 0.1152601886146108 
516 0.115562207110299 0.1386902435409618 0.1386902435400716 0.1278954182115395 
512 0.1158843607586462 0.1375486899173793 0.1375486899172659 0.1273262251208705 
508 0.1156527421857622 0.1179277233990241 0.1179277233993677 0.109979821668419 
504 0.1151353671204611 0.1312415254450772 0.1312415254456105 0.1124179690086076 
500 0.1142527916518984 0.1350884051480682 0.1350884051479663 0.1130168052728021 
496 0.1144948019133485 0.1356783334021374 0.1356783334015882 0.1177357896312325 
492 0.1168581076189427 0.1403785976375162 0.1403785976374823 0.1168519181857063 
488 0.1147383781094574 0.1400985879053893 0.1400985879049827 0.1213571214593331 
484 0.1146048273625013 0.141354773260437 0.1413547732602866 0.13302082904791 
480 0.1135064988799929 0.146445451169726 0.1464454511697115 0.132049792044247 
476 0.1144023057967316 0.138451649028228 0.1384516490283533 0.1273527847446081 
472 0.1143795671479778 0.1375394755103619 0.137539475510513 0.1215774397271124 
468 0.1141212002343551 0.133614256317801 0.1336142563175691 0.1171597295145591 
464 0.1118099156677004 0.133241804332497 0.1332418043325271 0.1171926998851405 
460 0.1123389878509169 0.1307620515875 0.1307620515874138 0.1205778098782178 
456 0.1120940804923066 0.1302411976760143 0.1302411976752506 0.1204365657919764 
452 0.1121560410654714 0.1290450514895068 0.1290450514892726 0.1211199471733319 
448 0.1120167654810639 0.124674073424981 0.124674073424389 0.1215436718078223 
444 0.1116697111796432 0.124143634901427 0.1241436349015471 0.1219429713704451 
440 0.1143693591207726 0.1238663919386744 0.1238663919387926 0.1291463578501449 
436 0.1142528567701305 0.14725714572284 0.147257145722723 0.155246727255146 
432 0.1279196716629343 0.1470653808296142 0.1470653808289684 0.149409503168977 
428 0.1278586242760284 0.161016189728216 0.1610161897278948 0.1495718869928334 
424 0.1283635164643369 0.1629822368415941 0.1629822368414489 0.154404315350391 
420 0.1289064674824425 0.1661256870612727 0.1661256870610429 0.1552624562481174 
416 0.1307391195346928 0.1673068099819587 0.1673068099816242 0.1569181935717863 
412 0.1293343821999448 0.171243242499081 0.1712432424986584 0.163100707047628 
408 0.1347062908260608 0.1749375315746453 0.1749375315748481 0.1629706212138822 
404 0.1286289239760341 0.1728061960489105 0.1728061960493708 0.1662314793576686 
400 0.126201419562863 0.1990527588151995 0.1990527588153967 0.1834917306931411 
396 0.1340848700148753 0.1963076778943887 0.1963076778946677 0.1829039902416255 
392 0.1454454931382205 0.1704506095328346 0.1704506095324738 0.1433698927710085 
388 0.1465647083744955 0.1779107859430076 0.1779107859433796 0.1439549374772841 
384 0.1519914990901005 0.1750583402985763 0.1750583402976847 0.1510002115336629 
380 0.1461408013321272 0.1793829139329024 0.179382913933348 0.1594196332262499 
376 0.1473576556650683 0.2009285820911827 0.2009285820911956 0.1614138578662682 
372 0.1487963221621312 0.2092398918157174 0.2092398918146206 0.1658161288455341 
368 0.1493409137078453 0.2006191627580173 0.2006191627582804 0.1756584008020956 
364 0.1608903337404776 0.1992960019051915 0.1992960019046297 0.1537394795992968 
360 0.1674954530286436 0.2084689571065246 0.2084689571076866 0.1539674668746401 
356 0.15402012399774 0.1972060723943859 0.1972060723946983 0.1566926698778335 
352 0.1550334832942676 0.1953934255247929 0.1892771135636165 0.156533968776504 
348 0.155931666039968 0.1999245730479136 0.1999245730475097 0.157291869415119 
344 0.1557706078081418 0.1945945831040568 0.1945945831044039 0.1567710729787992 
340 0.1536159793402241 0.1916290257199256 0.1916290257195411 0.1557852494625051 
336 0.1715672456130192 0.185741065492225 0.185741065492751 0.1606539180152265 
332 0.1795505881497581 0.1972105229177693 0.1972105229181364 0.1590195060088206 
328 0.1756212172219343 0.1879246395516644 0.1879246395519611 0.15494383895327 
324 0.1556961075968758 0.1752950752920481 0.1752950752920343 0.1550182364728323 
320 0.1558946098524564 0.1739043093499338 0.1739043093491142 0.1581732496794584 
316 0.1571336854182059 0.1750013713040497 0.175001371304342 0.1564308435433337 
312 0.1688377719860199 0.1767490585725448 0.176749058572686 0.1557108202349068 
308 0.1777201105740015 0.1783204536177552 0.1783204536178627 0.1552990165995767 
304 0.1719837194780905 0.1979379841677459 0.1979379841669361 0.1879976876962608 
300 0.1737983859603 0.2046069671854439 0.2046069671853978 0.1949193541358372 
296 0.250074539071175 0.2458771556174739 0.2458771556178782 0.169792867759005 
292 0.2518733967711431 0.2515620549645209 0.2515620549645446 0.1683312532548266 
288 0.26449281071054 0.2613418929868967 0.2613418929866965 0.1773119393890811 
284 0.2711008852420391 0.263915562606362 0.263915562607354 0.1817604571354662 
280 0.2771228564836161 0.2699283172731446 0.2699283172732877 0.1805533758233085 
276 0.2897197363967015 0.2727425159832757 0.27274251598265 0.185312262474131 
272 0.2933575480364902 0.2409745907920263 0.2409745907911116 0.2248368319116092 
268 0.2396681947698932 0.2369652989140563 0.2497742329496861 0.2270431603178733 
264 0.2992383934821325 0.2172502270035661 0.2172502270035459 0.2099711230728836 
260 0.3063376438181471 0.2170780655597554 0.2170780655597741 0.2170058808488765 
256 0.3257319784527247 0.2150511065862538 0.2150511065862599 0.2431641874885058 
252 0.3465607892313545 0.2192331768421911 0.2192331768422193 0.2374004470977091 
248 0.3744687046207078 0.2366206177474086 0.2366206177497771 0.2356524888027178 
244 0.3679744728845387 0.2488138036618923 0.2488138036629031 0.2653940698634907 
240 0.3895217090204771 0.2299934782145659 0.2299934782151573 0.2856062341782253 
236 0.4055015636920609 0.2840141630843648 0.2840141630847096 0.2749969669332355 
232 0.4140854232070991 0.2913641925629505 0.2913641925627005 0.292248741370103 
228 0.3756378375555361 0.3034801217871939 0.3034801217872043 0.3059251119970391 
224 0.3883159201196495 0.3455557358564988 0.3455557358568943 0.3441441777558585 
220 0.3887750619874885 0.3537771013034491 0.3537771013039345 0.3573798830840123 
216 0.317508507065402 0.3580051006053758 0.358005100605046 0.3376501679348458 
212 0.2599599114649439 0.2599896217220708 0.2599896217205772 0.3109064505994 
208 0.2538941696113022 0.2669768047490833 0.2669768047492968 0.318672345718062 
204 0.2748563710968878 0.3239237349848001 0.3239237349853153 0.3195262798513758 
200 0.2928596371916981 0.3355526593087965 0.3355526593084278 0.3149198872592915 
196 0.2962681888594468 0.3160255366026371 0.3160255366014008 0.316537295249275 
192 0.2770967213479707 0.2928698146011409 0.2928698146013215 0.3094710883379395 
188 0.2884449207029673 0.287515807593003 0.3065678066245308 0.3478551182235984 
184 0.3357255360683336 0.3169570385867134 0.3169570385860059 0.3778424534402474 
180 0.3461240565672008 0.3184047821992279 0.3184047821991269 0.3771412675035144 
176 0.3383739428163804 0.318545263690651 0.3185452636899051 0.3768450023922211 
172 0.3684329530450365 0.3682653646506382 0.3682653646506286 0.3899778407435916 
168 0.3505774126083187 0.4371143257088457 0.4371143257086216 0.396717120717017 
164 0.3719872877104393 0.4299689387260099 0.4299689387256629 0.4154485753929421 
160 0.3201339237782056 0.2933521295041124 0.2933521295045001 0.441544542013889 
156 0.3677699028239814 0.3924464727506218 0.3924464727504227 0.5298545233603016 
152 0.4035262552710057 0.4103075106861189 0.4103075106867059 0.5499611422445967 
148 0.4422379826336761 0.4509884298669393 0.4509884298660132 0.598998903673993 
144 0.4457302116670681 0.4604791332118202 0.4604791332110982 0.610226249226014 
140 0.3678391962677617 0.4019026088062137 0.401902608808 0.4223990499262181 
136 0.3848426872088727 0.4845853342104088 0.4845853342118215 0.5432849703263798 
132 0.3776800888737314 0.4803247821633993 0.4803247821626942 0.5595205150183076 
128 0.3781495470267964 0.3939250181674456 0.3939250181674352 0.4816401441686172 
124 0.3795572797743871 0.3958641142870382 0.3958641142867235 0.3735464946597845 
120 0.3822554087005599 0.3606884030948815 0.3606884030950234 0.4193172547112497 
116 0.3894132108574752 0.3537098907998806 0.3537098908007396 0.4241759005692702 
112 0.3929813244981626 0.3904230970919707 0.390423097091036 0.454919650513304 
108 0.4572797313158181 0.4766183890836405 0.476618389082807 0.503497029803718 
104 0.4579010701198036 0.5004943278918336 0.500494327891652 0.6205453751319175 
100 0.441940624950007 0.5778583560127782 0.5778583560110254 0.646934912305744 
96 0.4923924150519819 0.5859770391424528 0.5859770391418058 0.6430383828559718 
92 0.4172408921489562 0.5288998811806899 0.528899881181237 0.6168614489451009 
88 0.3795354976178163 0.5662227733820819 0.5662227733842222 0.5959102075071779 
84 0.5093888766981229 0.4589049844198414 0.524509864991112 0.48262276274524 
80 0.5292043757213406 0.5732575324394324 0.5732575324392167 0.5656016523061171 
76 0.7558716081058402 0.654939610868715 0.6549396108688177 0.6798816120855958 
72 0.797269038694332 0.6722107195331076 0.6722107195321616 0.6634608680888061 
68 0.7957108134959514 0.6430756194003949 0.6430756194012341 0.6783355400121702 
64 0.7928167215284396 0.7284607805780259 0.728460780578716 0.720910660694445 
60 0.6861869847796814 0.7093466954555129 0.709346695454848 0.7587114221794573 
56 0.5757412983922431 0.5895882157743969 0.5895882157743989 0.8086166579447184 
52 0.571943383039998 0.583983128170425 0.5839831281704093 0.5808790482681033 
48 0.5846815582747031 0.5959726822980016 0.5959726822980242 0.5954252638785877 
44 0.5850715439906194 0.5865227421462128 0.586522742146194 0.5819181939029158 
40 0.6625840162176554 0.6151476556014693 0.6151476556012424 0.5661315265147565 
36 0.6826303462215552 0.6489827482744013 0.6489827482748411 0.6332837295244698 
32 0.7716873686985781 0.7744646421735141 0.7744646421735395 0.7715377955226156 
28 0.8047639063912848 0.8128204375113001 0.8128204375112092 0.8140124862314639 
24 0.7872591324740437 0.7955615493160428 0.795561549316158 0.7862992183699317 
20 0.8798885674627139 0.8813245685823341 0.8813245685822955 0.8810349935564261 
16 0.7492559417346965 0.7473569442729721 0.7473569442731629 0.7424489493790148 
12 0.756007125577067 0.7555187766337178 0.75551877663377 0.7542689557834402 
8 0.8617639326912132 0.8623931000866614 0.8623931000866751 0.8630477166371251 
4 0.7366794396507707 0.7367804510474028 0.7367804510474028 0.7368482931101498 
