1200 0.1129850286099937 0.1130150849902278 0.1130150849902299 0.1133500886171174 
1196 0.113206759205488 0.1132776143558207 0.1132776143558205 0.113577119291478 
1192 0.1133536451674015 0.1134264040074057 0.113426404007408 0.1137461251126564 
1188 0.1137555565709281 0.1138488717863639 0.113848871786363 0.1141260015534994 
1184 0.1143526946769435 0.1144509963915109 0.1144509963915088 0.1146263164704802 
1180 0.11466421056273 0.1147891817303278 0.1147891817303294 0.115027814865542 
1176 0.1149287030060472 0.1150189087639863 0.1150189087639838 0.1153018263987263 
1172 0.1151719739564012 0.1152644939099288 0.1152644939099268 0.1155473911820393 
1168 0.1156604250255643 0.1157316484581085 0.1157316484581084 0.1160271781933536 
1164 0.1162051990495359 0.1162117531317716 0.1158604111522869 0.1161658902162816 
1160 0.1168394335266727 0.1168914209454558 0.1168914209454483 0.1171708698313114 
1156 0.1171908080510798 0.1172855273981999 0.1172855273981967 0.1174695539458487 
1152 0.1174773608774552 0.1175924632904218 0.117592463290421 0.1178695694133715 
1148 0.1177327300723822 0.1178260692290787 0.1179166768078593 0.1181125217126161 
1144 0.1180543287653213 0.1182475319665593 0.1182475319665552 0.1184328112537106 
1140 0.1188356343839215 0.1190320687915213 0.1190320687915175 0.1192282670547418 
1136 0.1191239031333703 0.1193704567038474 0.1193704567038452 0.1195848776371065 
1132 0.1194052455639925 0.1196908990034051 0.1196908990033978 0.1198646756480387 
1128 0.1197099705954917 0.1200635113168017 0.1200635113167982 0.1202499869465083 
1124 0.1200874896839111 0.1203861138731965 0.1203861138731954 0.1206249298946974 
1120 0.1204714776896455 0.1207846573203177 0.1207846573203179 0.1210120886035413 
1116 0.1207594955520129 0.121061402001106 0.1210614020011088 0.1213034399151067 
1112 0.1209292475188782 0.1213332292431206 0.121384312503533 0.1215497510423429 
1108 0.1212442715727769 0.1217297375055708 0.1217297375055714 0.121969588071283 
1104 0.1215518858544193 0.1218113890247701 0.1218113890247691 0.1222083265408117 
1100 0.1221060596891744 0.122356618502632 0.1223566185026321 0.1227260674154638 
1096 0.1225156000863726 0.1227614164833207 0.1227614164833221 0.1231391670121997 
1092 0.1228489671226806 0.1231047525246872 0.1231047525246834 0.1235156785285061 
1088 0.1231009861950582 0.1234020904350922 0.1234020904350915 0.1237786957948182 
1084 0.123338950480426 0.1236481611802621 0.1236481611802628 0.1240363388130372 
1080 0.1235197038190982 0.1238692422383536 0.123869242238351 0.1242658806209333 
1076 0.1237362116863008 0.1240668191532584 0.1240668191532598 0.1245185252212216 
1072 0.1239904323380931 0.124365033181139 0.1243870673305527 0.1247721242893706 
1068 0.1242446425212725 0.1245716788815138 0.12457167888151 0.1249753048103848 
1064 0.1243783104317688 0.1247849169899434 0.1247849169899395 0.1250360974253965 
1060 0.1246884949728944 0.1250206115593434 0.1250206115593426 0.1252859373529124 
1056 0.1248074258524402 0.1251798694316157 0.1251798694316164 0.1254412493960114 
1052 0.1249752761635758 0.125344668001229 0.1253446680012275 0.1255696331015993 
1048 0.1251068641066625 0.1254654275261922 0.125465427526189 0.125701500275373 
1044 0.1259589819340898 0.1258502388157865 0.1258502388157864 0.125830092012279 
1040 0.1260745014573777 0.1263030992529236 0.1263030992529259 0.1264658909870519 
1036 0.1261907896805444 0.1264084549892375 0.1264084549892353 0.1266171201756559 
1032 0.1263307014421074 0.1265475963991747 0.1265475963991751 0.1267440484461706 
1028 0.1264369811138772 0.12665377621231 0.1266537762123076 0.1268226361129459 
1024 0.1266026851586709 0.1267350666686828 0.1267350666686862 0.1269195349026312 
1020 0.1266942364730207 0.1268993930240358 0.1268993930240378 0.1271556933573405 
1016 0.1269080421019728 0.1270994970552284 0.1270994970552304 0.1272393107665482 
1012 0.1270333302204986 0.1272273192615093 0.1272273192615136 0.1273633325386639 
1008 0.1272319961224698 0.1274211689588176 0.1274211689588196 0.1275266270242476 
1004 0.1273057747740888 0.1274937971087286 0.1274937971087291 0.1276083177967234 
1000 0.1274148053061142 0.1276253943680748 0.1276253943680749 0.1277096054921787 
996 0.1276994524926812 0.1280821993997517 0.1280821993997616 0.1281929190464233 
992 0.128011507417869 0.1282098808482473 0.1282098808482428 0.1283102410761285 
988 0.1281524593089457 0.1283238021936682 0.1283238021936634 0.1284674571533517 
984 0.1296905959303754 0.129827231164048 0.1298272311640477 0.1300653138460815 
980 0.1297873794066046 0.1299228925407795 0.1299228925407787 0.1301633835876749 
976 0.1304174052512126 0.1305490584557026 0.1305490584556975 0.1307854490422203 
972 0.1306399347068852 0.1307526610066261 0.1307526610066242 0.1309758822366257 
968 0.1308563873666938 0.1309665486108599 0.1309665486108563 0.1311611798587199 
964 0.1311137410413315 0.1312030931999022 0.1312030931998986 0.1314066260210508 
960 0.1314114108653079 0.1314951439598931 0.1314951439598917 0.1317476735339495 
956 0.1316837157515029 0.131818164230361 0.1318181642303601 0.1320231326972711 
952 0.1319923473852729 0.1321718400489087 0.132171840048905 0.1323145297654415 
948 0.1324236568110216 0.1325695568673116 0.1325695568673083 0.1326524084532945 
944 0.1327240761934967 0.1328346793145872 0.1328346793145876 0.133261781332219 
940 0.1335866676212711 0.1337281996339186 0.1337281996339189 0.1338655015196064 
936 0.1341897578083219 0.1345052157558985 0.134505215755894 0.1346407848653019 
932 0.1344904155541107 0.134782399145479 0.1347823991454773 0.1349271900189354 
928 0.1357914007766637 0.1361447997766531 0.1361447997766534 0.1361936679677772 
924 0.1362991846897047 0.1366317071850353 0.1366317071850399 0.1367399500326372 
920 0.1367448563151302 0.136951334404958 0.1369513344049612 0.1370615141501592 
916 0.1371415304754247 0.1373055079253853 0.137305507925385 0.1373747034784316 
912 0.1377464499696866 0.1379058673879082 0.1379058673879098 0.1379002234219542 
908 0.1381125781990573 0.1382415480576654 0.138241548057668 0.1382292044083262 
904 0.1390461350870231 0.1391999872183932 0.1391999872184001 0.1392289279583461 
900 0.1393788714667938 0.1395290641295747 0.1395290641295728 0.1395370860824486 
896 0.1400063389844181 0.1401227199565777 0.140122719956571 0.1400192210835979 
892 0.1404913043358836 0.1405691666555302 0.1405691666555317 0.1404826828273162 
888 0.1407765228139846 0.140866535634738 0.1408665356347373 0.1408387220891231 
884 0.141031768660733 0.1412578053166752 0.1412578053166717 0.1412214560422 
880 0.1415269944848787 0.1419233297413528 0.1419233297413457 0.1415233948150844 
876 0.1423804614301778 0.1423855017869573 0.142385501786951 0.1419507809813121 
872 0.142843405366634 0.1428111979947276 0.1428111979947247 0.1424022167994736 
868 0.1432661394460631 0.1431940216203134 0.1431940216203118 0.1427371705231578 
864 0.1438293300013922 0.1437296914427092 0.1437296914427069 0.1433681223639012 
860 0.1442414372505892 0.1441029848586752 0.1441029848586729 0.1437516489553619 
856 0.1444882008005978 0.1443975286137484 0.1443975286137496 0.1441082581814117 
852 0.1448015342056188 0.1447045817792085 0.1447045817792112 0.1444068395373451 
848 0.1450949192170992 0.1449342321947802 0.1449342321947781 0.1446585759094836 
844 0.1453981877689774 0.1452720164496672 0.1452720164496633 0.1449890836998998 
840 0.1455464661987166 0.1454256708644534 0.1454256708644507 0.1451676072539736 
836 0.1458633221633094 0.1456859867900122 0.1457454927780439 0.1454136163194741 
832 0.1460667545902436 0.1459455535487925 0.1459455535487889 0.1456796439040302 
828 0.146253797590385 0.1461082179344525 0.1461082179344506 0.1458872049174133 
824 0.1474596035789988 0.14728743591972 0.1472874359197196 0.1471737997818806 
820 0.1477161240597182 0.1475189725441231 0.1475189725441237 0.1474244360958685 
816 0.1478949452161579 0.1476678606662628 0.1476678606662604 0.147576480687592 
812 0.1480575695961894 0.1478399000087859 0.1478399000087845 0.1477312039330751 
808 0.1482336492073212 0.1479895834505389 0.1479895834505421 0.1478974117621717 
804 0.1484002032725118 0.1481759453855389 0.1481759453855328 0.1480841123567502 
800 0.1485324981156752 0.1483260322639369 0.1483260322639336 0.1482464733386636 
796 0.1488551186007475 0.1486345665586531 0.1486345665586517 0.1485566665583264 
792 0.1492271066317802 0.1490044082761032 0.1490044082761034 0.1489439713222712 
788 0.1493486899160527 0.1491570422855238 0.1491570422855236 0.149070045376042 
784 0.1500301141876603 0.1497899196433951 0.1497899196433893 0.1497116270467971 
780 0.1502045301457949 0.1499490859341299 0.1499490859341282 0.1498871920601425 
776 0.152628184310681 0.1523349394828803 0.1523349394828795 0.1518341141763037 
772 0.1528638062101866 0.1525232392531356 0.15252323925313 0.152009898705829 
768 0.1531643775715066 0.1528114982171473 0.1528114982171485 0.1522783656787342 
764 0.1534930465546923 0.1530491391395201 0.1530491391395183 0.1525277112001015 
760 0.15364417893244 0.1535727842810148 0.1535727842810161 0.1527121696044497 
756 0.1544780481818001 0.1540950135520212 0.1540950135520207 0.1536320942644327 
752 0.1547933654672893 0.1544111911617599 0.1544111911617593 0.1539612106644104 
748 0.1553683518556266 0.1550155070874464 0.1550155070874408 0.1545337431172789 
744 0.1556930761750265 0.1553435050712407 0.155343505071236 0.1548333719467236 
740 0.1560775698418201 0.1556642743974641 0.1556642743974622 0.1551443183010224 
736 0.1565230625662618 0.1561673414870697 0.1561673414870664 0.1556481919122412 
732 0.1572014928880753 0.1569698605425975 0.1569698605425962 0.156465417984272 
728 0.1595057784181858 0.1589369816463223 0.158936981646319 0.1586600912174377 
724 0.1602582983613131 0.159740490811998 0.1597404908119965 0.1594448215984796 
720 0.1610649629247988 0.1606025986872163 0.1606025986872145 0.1603567303087285 
716 0.161636115758396 0.1611376169515158 0.1611376169515156 0.1608990150646617 
712 0.1621360946999309 0.1615838830979894 0.1615838830979884 0.1613242442199328 
708 0.1626595541931109 0.1620609492699079 0.1620609492699018 0.1618037288792674 
704 0.1635596510604992 0.1629662076094751 0.1629662076094771 0.1625707645282947 
700 0.1642683291321055 0.1636206590267419 0.1636206590267414 0.1633708216146265 
696 0.1645886254892353 0.1639834437253237 0.1639834437253232 0.1637432036301597 
692 0.1651298309432214 0.1644721223347304 0.1644721223347281 0.1642626399450381 
688 0.1662319867570733 0.1657542017368304 0.1657542017368269 0.1655767586876444 
684 0.1666546223804076 0.1662260080553347 0.1662260080553292 0.1660745516863663 
680 0.1677027115906712 0.1675388585030992 0.1675388585030965 0.1677090286531279 
676 0.1682337013298363 0.1680509489499366 0.1680509489499362 0.1682349137113623 
672 0.1687495244138519 0.168674750909237 0.1686747509092381 0.1688231820492947 
668 0.1693678670534274 0.1692484932453161 0.1692484932453154 0.1693015282518336 
664 0.1697638628161148 0.1696199643473817 0.1696199643473768 0.1696622644937977 
660 0.1705400912336087 0.170270922539808 0.1702709225398084 0.1703430314326069 
656 0.1710163685123781 0.1709006751299232 0.1709006751299213 0.1710385576174367 
652 0.1716376097640705 0.1714254577513806 0.1714254577513784 0.1715551516037034 
648 0.1719000747903834 0.1717198910289591 0.1717198910289553 0.1717531543844922 
644 0.1723158373691844 0.1722253885511033 0.1722253885511007 0.1722464889921755 
640 0.1725307984866502 0.1728870219975212 0.1728870219975203 0.1735019373362149 
636 0.1737528771874196 0.1738932502376561 0.1738932502376543 0.1739329797250777 
632 0.1742054030513948 0.1743010462214797 0.1743010462214817 0.1741622774096826 
628 0.1744660570527713 0.1745854306410557 0.1745854306410551 0.1744717377358589 
624 0.1750042547585555 0.1750905794958354 0.1750905794958356 0.1750131717708653 
620 0.1752737039944483 0.1753858993726981 0.1753858993726962 0.175267131374486 
616 0.1755123828286817 0.1756358389579881 0.1756358389579898 0.1754670937046973 
612 0.1757795942736466 0.1759072286125059 0.1759072286125059 0.1757710175029207 
608 0.1761607280386534 0.1762818767006537 0.1762818767006531 0.1761177160966313 
604 0.1763998684278266 0.1765217010958191 0.1765217010958183 0.1763395947250293 
600 0.1774624897329757 0.1774290344720059 0.1774290344720053 0.1772192654025743 
596 0.1777161525956859 0.1781546397482383 0.1781546397482377 0.1779032541963619 
592 0.1782126972964158 0.1783990640259638 0.1783990640259673 0.1781070953928658 
588 0.180668117338941 0.1815170043480967 0.181517004348098 0.1814141312684713 
584 0.1808938868078343 0.1817527289701022 0.1817527289701033 0.1816368134148025 
580 0.1812656375513431 0.1821224463064762 0.1821224463064745 0.18187419340788 
576 0.1817755022524528 0.1826741650006003 0.1826741650005968 0.1824650729123918 
572 0.1820819124372657 0.1829694499040603 0.1829694499040573 0.182759912683388 
568 0.1832514606583109 0.1838597768220315 0.1838597768220327 0.1835772952678258 
564 0.1841494379778739 0.1851032483477365 0.185103248347736 0.1847882417279794 
560 0.1845064868719994 0.1854713072971958 0.1854713072971916 0.1850882621333209 
556 0.1860259869323415 0.1865113422494987 0.1865113422494999 0.1862084077595145 
552 0.1865070930818278 0.1876770794112601 0.18767707941126 0.1874785845780515 
548 0.1892637509339366 0.1901540846320143 0.1901540846320152 0.1897067296971941 
544 0.1901307082335204 0.191963135434169 0.1919631354341749 0.1918021449764333 
540 0.1907166143410831 0.1925766591878719 0.1925766591878749 0.1923402468487178 
536 0.1925909847051551 0.1938257219266537 0.1938257219266616 0.1935320751494831 
532 0.1931869948415522 0.1950838997911228 0.1950838997911268 0.1946530434678783 
528 0.1937766381598893 0.1957547447539828 0.1957547447539884 0.1951940879470793 
524 0.1949319139472617 0.196793114583086 0.1967931145830903 0.196046112974754 
520 0.1955100281305102 0.1974838816812333 0.1974838816812352 0.1967888662576808 
516 0.196652203974522 0.1990355770672356 0.1990355770672374 0.1987590080999078 
512 0.1980085451570958 0.1998517279587645 0.1998517279587666 0.1992988709128362 
508 0.1998891092838229 0.2017685241775405 0.2017685241775479 0.2013158052152387 
504 0.2017069737403295 0.2035710118614282 0.2035710118614346 0.2029405145929665 
500 0.2024806596456811 0.2043162117237809 0.2043162117237795 0.2036520206620608 
496 0.2031728812142698 0.2048627746690501 0.204862774669051 0.20419951032671 
492 0.2036065958527479 0.205518605055448 0.2055186050554488 0.2048758051509513 
488 0.2044772266383395 0.2063750404244781 0.2063750404244738 0.2059217427868877 
484 0.2052759375850242 0.2071800428837141 0.2071800428837143 0.2068006262162871 
480 0.2060200886737098 0.2083438949401142 0.2083438949401145 0.2079700670300298 
476 0.2072788265544241 0.2087501416580676 0.2087501416580673 0.2085222390317593 
472 0.2078229268617416 0.2092300018939596 0.209230001893958 0.2089760300790695 
468 0.2100278271048304 0.211316981814689 0.2113169818146862 0.2105704263659776 
464 0.2105257102634278 0.2118463828803017 0.211846382880304 0.2111000800022261 
460 0.2110713209925473 0.2124502032467705 0.212450203246774 0.2117692486454861 
456 0.2113684647375511 0.2130890528122129 0.2130890528122105 0.2124389266258796 
452 0.2125713241824884 0.2139254503599648 0.2139254503599639 0.2132676248342523 
448 0.2130581986445699 0.2144291051416982 0.2144291051417005 0.2139316013681148 
444 0.2134064773365283 0.2147381507872509 0.2147381507872531 0.2142367861595294 
440 0.2143639824259966 0.2158388694753564 0.2158388694753571 0.2152917918576846 
436 0.2153135039860424 0.2184349884664305 0.2184349884664299 0.2180308721462079 
432 0.2176724108972126 0.2188951492998897 0.2188951492998935 0.2203029078572017 
428 0.2199369886924906 0.2209704396710867 0.2209704396710878 0.2207815258879388 
424 0.2214016000528267 0.2223705409776011 0.2223705409776029 0.2222143462492158 
420 0.2218375099791512 0.2228313152657904 0.2228313152657897 0.2227171832030075 
416 0.222436740875346 0.2234224764052263 0.2234224764052296 0.2232229878238176 
412 0.2234924904772356 0.2244788036396917 0.2244788036396938 0.2243113102514011 
408 0.2241232930127527 0.2250339170131302 0.2250339170131278 0.224728403442827 
404 0.2257876295523669 0.2268210182490123 0.2268210182490098 0.2252755958674536 
400 0.2282389975414718 0.229200324260739 0.2292003242607374 0.2289636043069275 
396 0.2286424185381248 0.2296229563425669 0.2296229563425639 0.229355298925483 
392 0.2331288623212313 0.2340507781402477 0.2340507781402497 0.2333501560766748 
388 0.2340831369616521 0.235087424994908 0.235087424994913 0.234430435879358 
384 0.2351072483794082 0.2360383451566549 0.2360383451566546 0.2354322695963995 
380 0.2367936883383785 0.2371835803799086 0.2371835803799131 0.2369365656506313 
376 0.2393973566818441 0.2404391606743181 0.2404391606743213 0.2397382792290896 
372 0.2402283238607552 0.2411305655294 0.2411305655293999 0.2405704868926294 
368 0.2416624154682313 0.2428935117165575 0.2428935117165547 0.2421388455026925 
364 0.2429452761996113 0.2457432623846604 0.2457432623846622 0.2449084840771728 
360 0.2465311488689248 0.2486213631903557 0.2486213631903566 0.2479364457584398 
356 0.2491980302435939 0.2496405469723185 0.2496405469723173 0.2487371225850861 
352 0.2500228666653526 0.2506510867035404 0.2515104430607015 0.2506626338599567 
348 0.2531028294377454 0.2535659261673485 0.2535659261673499 0.2529312099617277 
344 0.2547609507835663 0.2549929795684067 0.2549929795684056 0.2545036577296841 
340 0.2556449357497524 0.2558963204464456 0.2558963204464463 0.2555505574917238 
336 0.2575347724990451 0.2574470101960371 0.2574470101960405 0.257114722189872 
332 0.258714887185211 0.2584930154904814 0.2584930154904839 0.2591654958816229 
328 0.2614810727239808 0.2610383874106624 0.2610383874106647 0.2608810852246218 
324 0.2642496595720994 0.264199351167 0.2641993511669997 0.2636283206671874 
320 0.2650973817982494 0.2651060875978196 0.2651060875978182 0.2645256457703925 
316 0.2667833438675102 0.2666317769205085 0.2666317769205084 0.2660334262888414 
312 0.2674712294344307 0.2673625973299402 0.2673625973299393 0.2668187028840841 
308 0.2693086603423706 0.2685226490163719 0.2685226490163702 0.2671749694885804 
304 0.2710009525032477 0.2709494821783649 0.2709494821783604 0.2702410172563952 
300 0.2717515876677284 0.2713631298575697 0.2713631298575662 0.2707505110409379 
296 0.2786113671983655 0.2779089130001534 0.2779089130001535 0.2766394189611088 
292 0.2793768034066679 0.2789916369575771 0.2789916369575729 0.2775318894183622 
288 0.2812367899451698 0.2806194637889682 0.2806194637889645 0.2793962965335139 
284 0.2831390823500592 0.2823369925671838 0.2823369925671815 0.2811531291328362 
280 0.2838512578812772 0.2834330957882212 0.283433095788223 0.2822369731431654 
276 0.2866377096994024 0.2857772935306742 0.2857772935306737 0.283594631338226 
272 0.288795019079745 0.2874548919399693 0.2874548919399673 0.2870581019650026 
268 0.2935298195038815 0.2881677126131874 0.292396784742339 0.2878840958660677 
264 0.299963890164655 0.2978626886660546 0.2978626886660548 0.2976707426779336 
260 0.3027579870422671 0.3005253867166603 0.3005253867166567 0.3004854418900776 
256 0.305241125725824 0.3030164734436772 0.3030164734436756 0.3028001744272178 
252 0.3071370676376565 0.3047977019489239 0.304797701948922 0.3045055079417165 
248 0.3088433616638666 0.3077030533853714 0.3077030533853704 0.3075727013139933 
244 0.3136313305481329 0.3122563561861226 0.3122563561861237 0.3113901284181019 
240 0.3171090025210644 0.3141442865798732 0.3141442865798719 0.3142187342031308 
236 0.3242435766005693 0.3217846754713193 0.3217846754713184 0.3208010101073678 
232 0.3275363416121193 0.3245877078310143 0.3245877078310136 0.3235969049694005 
228 0.3287423651007505 0.326201954503188 0.3262019545031888 0.3253538447254397 
224 0.3325735515685324 0.3305634303881829 0.330563430388181 0.3293764459916138 
220 0.3346303800945283 0.3324069362860491 0.3324069362860484 0.3310586136222813 
216 0.336072132452688 0.3348520208601782 0.3348520208601767 0.3342511218075119 
212 0.3422620309896308 0.3408794421392094 0.34087944213921 0.3411086914779329 
208 0.3444317867302468 0.3421545642574059 0.342154564257406 0.3424219060291936 
204 0.3475129942384868 0.3462593681027326 0.3462593681027349 0.3465758621252656 
200 0.3495285900512948 0.3482764750594075 0.3482764750594115 0.3484126117312301 
196 0.3503469920161756 0.350570392082959 0.3505703920829613 0.3505472802298419 
192 0.3550167414835176 0.3525507307066982 0.3525507307067005 0.3525815253866622 
188 0.3574787720672672 0.3565500363298514 0.3603151983121329 0.3610882397805841 
184 0.3665680069990331 0.3661060174510323 0.3661060174510344 0.3667026920324821 
180 0.368641010739286 0.3680154175971029 0.3680154175971033 0.3689386124566077 
176 0.3696285647889307 0.3690597863588991 0.3690597863588995 0.3699431434970116 
172 0.3746199721115718 0.3737484877036736 0.3737484877036745 0.3745497299949492 
168 0.3770169036331024 0.3774582899762247 0.3774582899762278 0.3779161685822452 
164 0.379460627432842 0.3791068761452459 0.3791068761452489 0.3797055076568643 
160 0.3878961403681355 0.3876368293010631 0.387636829301068 0.3893946429785087 
156 0.3941516321716337 0.3937182554266665 0.3937182554266699 0.3953530036883138 
152 0.3967396726227551 0.3961660830101892 0.3961660830101913 0.3975517398506563 
148 0.4027061248803988 0.4023436332359122 0.4023436332359188 0.4041539345650788 
144 0.4040407087024907 0.4036467302549672 0.4036467302549713 0.4057345956711065 
140 0.4233805753866501 0.422788432745931 0.4227884327459377 0.4231760872565342 
136 0.4294082622438005 0.4289731661386535 0.4289731661386597 0.4303897327993503 
132 0.4314271998381812 0.4310033045045922 0.4310033045045882 0.4327788811529725 
128 0.4403815092939085 0.4388325980163125 0.4388325980163148 0.4396425485502172 
124 0.4474739830871138 0.4477799526475917 0.4477799526475934 0.4491007366979319 
120 0.4559473626314348 0.4558891538946269 0.4558891538946329 0.4569616197601745 
116 0.4585969090642516 0.4588207307508674 0.4588207307508698 0.4594922922408943 
112 0.465750047319649 0.4656917463597199 0.4656917463597186 0.4661968588257908 
108 0.4715820483994045 0.4713565740656561 0.4713565740656575 0.4717585023843295 
104 0.4733432114755604 0.4783582181580693 0.478358218158071 0.4847930720782503 
100 0.4868007255704455 0.4869037913136067 0.4869037913136034 0.4876402512124069 
96 0.4918674150213819 0.4919462372338925 0.4919462372338946 0.492519302718267 
92 0.4988239971302042 0.4994643764959524 0.4994643764959577 0.499768355508212 
88 0.5024588001773314 0.5072193597453936 0.5072193597453963 0.5074868822999306 
84 0.5314227640176908 0.52073090812297 0.5313996159401975 0.5211083277166222 
80 0.5331083037781723 0.5343583445714561 0.5343583445714557 0.5337528231038491 
76 0.5476344089057893 0.5476794367016209 0.5476794367016177 0.5471062309117172 
72 0.5545155878762766 0.5539851472401508 0.5539851472401492 0.5526112490284936 
68 0.5647251524193655 0.5638391479869557 0.5638391479869569 0.5638624624698668 
64 0.576173333117516 0.5755370940380506 0.5755370940380526 0.575630360307201 
60 0.583424677148676 0.582998035865405 0.5829980358654065 0.5829537364156835 
56 0.6286787822864399 0.6108487656052107 0.6108487656052149 0.5917894909976935 
52 0.6346619822176091 0.6348971015761732 0.6348971015761792 0.6346015723233859 
48 0.6434431801469237 0.6434212503306365 0.6434212503306407 0.6431942821408391 
44 0.6535341111572569 0.6535753624644074 0.6535753624644122 0.6533666569531772 
40 0.6652945407809 0.6652991499014366 0.6652991499014401 0.6652914833864253 
36 0.679436477956411 0.6793957404763578 0.6793957404763608 0.6794098697107027 
32 0.7615535771788051 0.7244760038986923 0.7244760038986957 0.7245729374904031 
28 0.7687559260672153 0.7687180154437274 0.7687180154437254 0.7687840403349597 
24 0.7749775510663724 0.7749828669505273 0.7749828669505288 0.7751036469510479 
20 0.8200831806555926 0.8200734105785709 0.8200734105785689 0.8200732670825223 
16 0.8460832091805016 0.8460745124440041 0.8460745124440029 0.8460725458718982 
12 0.8724108682006946 0.8724074368093722 0.8724074368093723 0.8724054958483987 
8 0.8928130521633325 0.892809341120184 0.8928093411201825 0.8928066599543646 
4 0.9439495661125139 0.9439479016725487 0.9439479016725478 0.9439468723355741 
