1200 0.002353405093481024
1196 0.002376847802807142
1192 0.002426843465857062
1188 0.002497288993995139
1184 0.002606908175211624
1180 0.002606522519087227
1176 0.002633105800311549
1172 0.002662289090227039
1168 0.002743698851460936
1164 0.002955905858313916
1160 0.003699960281801584
1156 0.003833666272197795
1152 0.003927260038072432
1148 0.003979387997154299
1144 0.004118980471628868
1140 0.004546689169294467
1136 0.004726503527462137
1132 0.00485883969569266
1128 0.00503030872268166
1124 0.005071299376232411
1120 0.005286661208703507
1116 0.005524065700253553
1112 0.005742314780843405
1108 0.005971048869331808
1104 0.006207411010532081
1100 0.007110818713006254
1096 0.007430204007384865
1092 0.007546211095681626
1088 0.00777904373563132
1084 0.008064080721259895
1080 0.008292835626508264
1076 0.008481507191049717
1072 0.008792211083405051
1068 0.008990670135045863
1064 0.00924246352203984
1060 0.009770223970629748
1056 0.009962281953829517
1052 0.01003304437337225
1048 0.01012743785349992
1044 0.01029528219930511
1040 0.01042485016335955
1036 0.01057207590349567
1032 0.01085134627352639
1028 0.01108931362774834
1024 0.01120701285382064
1020 0.01138840012688077
1016 0.01153806632522371
1012 0.01166864357361175
1008 0.01172314206376296
1004 0.01179389988984484
1000 0.01184137057662981
996 0.01180932313608612
992 0.01186045754620476
988 0.01186765936442543
984 0.01127240029993579
980 0.01127711701273764
976 0.01117839465525533
972 0.01116562182876722
968 0.01115723794130167
964 0.01107996262245296
960 0.01096347463260131
956 0.01089623500622021
952 0.0107911243357302
948 0.01062694431329806
944 0.01054543554429701
940 0.01036655911542075
936 0.01009702057787318
932 0.0100121361771021
928 0.009605991475635754
924 0.009450690340011664
920 0.009395571866246868
916 0.00934351120642486
912 0.009123415157916887
908 0.009065547436779214
904 0.008945444246047533
900 0.008888284756751819
896 0.008771288029726787
892 0.008751160800012245
888 0.008599534421146658
884 0.008573491391676872
880 0.008484156964757919
876 0.008328528088917417
872 0.008363244351329381
868 0.008359571898657723
864 0.008609213334351253
860 0.00859222260346469
856 0.00866243931025607
852 0.008737073982700657
848 0.008714153663255153
844 0.008751151980094818
840 0.008710294076414028
836 0.008792066926432208
832 0.008899680585619518
828 0.008982187148924183
824 0.009064154511213797
820 0.009168300610065962
816 0.009190778481353638
812 0.009220778418097672
808 0.00925101914591722
804 0.009277889183148954
800 0.009305135669633535
796 0.009248622571620646
792 0.009215712331552314
788 0.009216923194378326
784 0.008953246707521052
780 0.008949630433091009
776 0.008008047199934518
772 0.007954120204199279
768 0.007836581339909466
764 0.007739034041006922
760 0.007613082369003507
756 0.00730326397736273
752 0.007149917616306686
748 0.006919018820215297
744 0.006809644167541519
740 0.00659852466392684
736 0.006426366337641711
732 0.006106504719838584
728 0.00519358506347541
724 0.004695067861870667
720 0.004191495640944136
716 0.003932389833383735
712 0.003728468023738027
708 0.003529980357540075
704 0.003024901214828559
700 0.002737699341961557
696 0.002547896565041911
692 0.002274938603719179
688 0.001300986127552539
684 0.001054582766047547
680 0.001019521394523505
676 0.001155810047369371
672 0.001401994174691383
668 0.001737629255943133
664 0.001968687989991693
660 0.002749787507300364
656 0.003365355068956715
652 0.003768246434691382
648 0.004028191257299109
644 0.004403435715323911
640 0.004879523714924579
636 0.005572958545934973
632 0.005919411674527085
628 0.006163630605446256
624 0.007012506916426912
620 0.007237275860873161
616 0.007467286637980942
612 0.007654564730888021
608 0.007957837623381973
604 0.00814780629487971
600 0.008483997601930427
596 0.009032280272350941
592 0.009224584809425018
588 0.009103088313843271
584 0.009238823776920205
580 0.009476843426995878
576 0.009842925591458012
572 0.01001032235713468
568 0.01031409090227916
564 0.01058918527917503
560 0.01070988904768638
556 0.01101179125729181
552 0.01127657997338763
548 0.01160466510289211
544 0.01211213692344013
540 0.01242162218297962
536 0.01266032356746198
532 0.01279867783644845
528 0.01299503196679876
524 0.01322574453531699
520 0.01343378496179218
516 0.01382254559205313
512 0.0142279091988525
508 0.01464595920006177
504 0.01500230840540064
500 0.01524146380133646
496 0.01543083233308768
492 0.01559352408020875
488 0.01620640932596244
484 0.01647641476250673
480 0.01687476124920236
476 0.01778378097130254
472 0.01837602652171562
468 0.0199904744605125
464 0.02027436917889513
460 0.02046143359553594
456 0.02085577115970749
452 0.0213403775985622
448 0.02182774140475097
444 0.02206603655967318
440 0.02246860300079243
436 0.02273099775422043
432 0.02287641351404858
428 0.02348775285675417
424 0.02364322326323394
420 0.02385375888047877
416 0.02407682084997485
412 0.02448327328703659
408 0.02451366234657502
404 0.0238965544591198
400 0.0236828790510718
396 0.023795592350422
392 0.0210449948883465
388 0.02071409345729238
384 0.02045426794858185
380 0.01954717482615253
376 0.0180281514834817
372 0.01759778279137941
368 0.01654169416218853
364 0.01410235155199386
360 0.01134843384704996
356 0.0103231092438337
352 0.008999514825339198
348 0.006809980540324658
344 0.005690452863563025
340 0.005017286457923521
336 0.00383019939169366
332 0.003592727174582472
328 0.005721926951736163
324 0.008542599684333655
320 0.009564779191333852
316 0.01142315237865726
312 0.01232136481080977
308 0.01399564345687022
304 0.01579728627109319
300 0.01604549144566398
296 0.01747008480522068
292 0.01864576381331128
288 0.01963646702287143
284 0.02047983669439045
280 0.02106728385482548
276 0.02225494493317912
272 0.02356478513439186
268 0.02686102597351423
264 0.03545332513317766
260 0.03661157130108697
256 0.03766741108021716
252 0.03845746424203413
248 0.04050287549499122
244 0.04368233029822718
240 0.04601699205655372
236 0.05805549210435208
232 0.06127090150151553
228 0.06318769926747839
224 0.06787024342500922
220 0.07067744761501292
216 0.07625273783767267
212 0.08923535401638093
208 0.09208357409277114
204 0.09907635233829629
200 0.102881337918356
196 0.1064269006745278
192 0.1110280354209219
188 0.1202921502281404
184 0.1298709232003657
180 0.1340430568855774
176 0.1358032114466917
172 0.1422240021504481
168 0.1453798815963565
164 0.1478431773499599
160 0.1514575359569228
156 0.1557708751241833
152 0.1570859428435745
148 0.1596290256225544
144 0.1598943558728201
140 0.1678326111373709
136 0.1697500282991367
132 0.1701029739153359
128 0.1730944406405512
124 0.1757302853255724
120 0.1786378335940309
116 0.1803778961428701
112 0.184954082616371
108 0.1879530010871139
104 0.1878682899264018
100 0.1888080286676743
96 0.1916511615555891
92 0.1919183728011053
88 0.1912456653935354
84 0.1908137285479034
80 0.1896875946196632
76 0.1886250722274815
72 0.1889942295110933
68 0.1799486919110455
64 0.1806611159205402
60 0.1788481114608246
56 0.153514299889542
52 0.1312272726449061
48 0.1200504307652087
44 0.1045421071557557
40 0.08396716724792952
36 0.06582944176579208
32 0.03077138651606819
28 0.08102567181990039
24 0.09849591533901821
20 0.1766868549093344
16 0.2898508839440571
12 0.4055179436942441
8 0.4934600753868609
4 0.6910146147416177
