1200 0.003756313380974387
1196 0.003780935821589405
1192 0.00386576801757577
1188 0.003969828107618892
1184 0.004054770273216038
1180 0.004000484232263916
1176 0.004050037363726672
1172 0.004044363098211364
1168 0.004031670902368184
1164 0.00403295488048198
1160 0.00464989496926063
1156 0.004727014273210611
1152 0.004857090738755924
1148 0.004884737631144203
1144 0.005019365355889172
1140 0.005374818527792482
1136 0.005639081117083361
1132 0.005757229826631095
1128 0.005915409561331869
1124 0.005892164619666843
1120 0.006129346289473027
1116 0.006322614074042902
1112 0.006549879667182321
1108 0.006822815056361474
1104 0.007205600010254328
1100 0.007942696648041141
1096 0.008256216144170254
1092 0.008394828498767559
1088 0.008638080440858356
1084 0.00884147529498365
1080 0.009041990554126711
1076 0.009232105017440383
1072 0.009644482776588859
1068 0.009831257177263193
1064 0.01003370944534
1060 0.0106531818796414
1056 0.01082996410024299
1052 0.01086562032333217
1048 0.0109121138897696
1044 0.01117966557088251
1040 0.01127623342820755
1036 0.01142760127711644
1032 0.01171976681892403
1028 0.01199721995142018
1024 0.01209037666377008
1020 0.01236175119836695
1016 0.01249681630026572
1012 0.0126242126352051
1008 0.01270878970605837
1004 0.01276931668646411
1000 0.01281314723837616
996 0.01282954990803848
992 0.01285993231158043
988 0.01291716799333251
984 0.0123552901417292
980 0.01234407754667713
976 0.01229539855819935
972 0.01230373099885008
968 0.01231026861204744
964 0.01220301491149371
960 0.01203621669995554
956 0.01198388371440869
952 0.0119063024229285
948 0.0116878004792866
944 0.0115149050104557
940 0.01131397538269894
936 0.01098941491692453
932 0.0108415904051703
928 0.01056592404754106
924 0.01040449994096327
920 0.0104792056655333
916 0.01049477040602662
912 0.01037629380225659
908 0.01034629313648865
904 0.01056828139033476
900 0.01062956448031966
896 0.0106854320537149
892 0.0106868344020143
888 0.01072268845692167
884 0.01076301747070993
880 0.01072272667668106
876 0.01076180529868439
872 0.01088206489325962
868 0.01082862140478823
864 0.01113462109974801
860 0.01111901228325379
856 0.01127451829181276
852 0.01138802064582199
848 0.0113748669989305
844 0.01144538202130319
840 0.01141424516625652
836 0.01148119622129218
832 0.01152617919521523
828 0.0116029545260188
824 0.01160921060652633
820 0.01167205114401738
816 0.011668025773102
812 0.01169106995622506
808 0.01172526874869339
804 0.01178341130877805
800 0.01177905737874481
796 0.01174275211314746
792 0.01168756959523761
788 0.01168067197784648
784 0.01162332717993836
780 0.01159995203191777
776 0.0111090857884553
772 0.0110629974492113
768 0.01098123663595807
764 0.01090479199353811
760 0.01087706622716016
756 0.01039949690834552
752 0.01023953989333095
748 0.009912936261715462
744 0.009758988070118222
740 0.009528557509338708
736 0.009376001756129857
732 0.008637728191361044
728 0.007903179179997066
724 0.007343969254037618
720 0.00677617383603675
716 0.006511115765753635
712 0.006201563444069747
708 0.005923653493201177
704 0.005288586176824824
700 0.005082595824945068
696 0.004827535044628978
692 0.004449400319101116
688 0.002840823667195933
684 0.002257430032682427
680 0.002369145954009798
676 0.002487152451574262
672 0.002680103425475134
668 0.002984579786418903
664 0.003201530068453555
660 0.003831885717703206
656 0.00447406340974163
652 0.00476964080831641
648 0.004945527316900787
644 0.005131978536958281
640 0.005909560512994618
636 0.006858671635561398
632 0.007209480076976468
628 0.007560575534833566
624 0.008464300889051906
620 0.008765420030486146
616 0.009054952380292971
612 0.009181177450379167
608 0.009646077055540816
604 0.009862038170364365
600 0.01084898575874244
596 0.01118988089127788
592 0.01157337331076662
588 0.01307831425937227
584 0.01323947244737909
580 0.01360003495823747
576 0.0140523947047251
572 0.01425168135563647
568 0.01479039340990284
564 0.01517462657999457
560 0.01540284907457002
556 0.01637494858544847
552 0.0166759335378894
548 0.0178944812757514
544 0.018455853221953
540 0.01890588569231917
536 0.01917086120108691
532 0.01940532043532138
528 0.01973141851147749
524 0.02033205069140207
520 0.02054253454007076
516 0.02089591302452389
512 0.02155017717842806
508 0.02249734513232809
504 0.02326427006234079
500 0.02363372469251893
496 0.02377251559701628
492 0.02383446216125027
488 0.02385707607022037
484 0.02411741588917337
480 0.02458862531213791
476 0.02524190601812945
472 0.02549017485616728
468 0.02564940066402114
464 0.02594268429308039
460 0.02599849194059756
456 0.02618393512930529
452 0.02676254076943482
448 0.02708835056585832
444 0.02730248781123483
440 0.02793979675491125
436 0.02830299779760165
432 0.02890436211669748
428 0.02822070355931096
424 0.02814709092059554
420 0.02839723704263608
416 0.02871245053081874
412 0.02904107650104416
408 0.02900130482400193
404 0.02786236139930057
400 0.02655637619318184
396 0.02645561981579579
392 0.02447307975484455
388 0.0241623179325942
384 0.02411769944081195
380 0.02350691616614228
376 0.02203116539862906
372 0.02177030018448707
368 0.02084137948906949
364 0.01915358668815936
360 0.01803569869048096
356 0.0177499643618481
352 0.01618340130858071
348 0.01425770017627096
344 0.01317305992205535
340 0.01225020178173503
336 0.009765836141961156
332 0.01101282804973298
328 0.01382860239194451
324 0.01679652872555891
320 0.01766750778348143
316 0.0188324309108477
312 0.01938023359157958
308 0.02213348452355557
304 0.02333668524927435
300 0.02369125040558238
296 0.02520841980312479
292 0.02622581469088655
288 0.02673666056470097
284 0.0279623374008048
280 0.02852704707065321
276 0.02997488801417414
272 0.03114970252717687
268 0.03545940657926162
264 0.03924383578640794
260 0.0406409699739105
256 0.04129836438753539
252 0.04220792617464169
248 0.04522584415498548
244 0.04867262513554767
240 0.05079651182774466
236 0.06817050551203499
232 0.07268733159785579
228 0.07571288260367694
224 0.07896431853022785
220 0.08221329685160547
216 0.08818937995804522
212 0.095144493508987
208 0.09908947123132562
204 0.1055540663340811
200 0.11008507406298
196 0.1156574627124794
192 0.1197759237713578
188 0.1331796196851517
184 0.1438338311392635
180 0.1476215899224566
176 0.149055094470613
172 0.1536630701352533
168 0.1569826559949173
164 0.1600682280809426
160 0.1666322240623379
156 0.1704715761745373
152 0.1721382460089382
148 0.1765045959935212
144 0.1771296753607787
140 0.1819632126875782
136 0.1870581905132214
132 0.1895925960624458
128 0.194121921634976
124 0.1966362248300859
120 0.1929647993831751
116 0.1934986467364459
112 0.1976238762007797
108 0.198638211410076
104 0.1960630731395747
100 0.1978432877770438
96 0.2002265422734757
92 0.1990373708795373
88 0.1983123210551448
84 0.1963196492440323
80 0.1944187932393208
76 0.1908125293366543
72 0.1924484811098458
68 0.1842516799282414
64 0.1838479607881196
60 0.1826054256981568
56 0.1715836394369671
52 0.1348295222807737
48 0.1277863147167864
44 0.1128520688852671
40 0.08921165431483148
36 0.07071817699894897
32 0.06582437655318781
28 0.09031657342224765
24 0.111887409874675
20 0.1816801500086253
16 0.2977550082353814
12 0.4150459357401507
8 0.5010912429396231
4 0.6907694725977032
