1200 0.09738149442799915
1196 0.1001708748553734
1192 0.1023281462164427
1188 0.1054549864963116
1184 0.1080745885476728
1180 0.1131125179743275
1176 0.115648566826276
1172 0.1192896469185604
1168 0.1190675408011967
1164 0.1187402368970371
1160 0.1144230923040685
1156 0.1182734495863196
1152 0.1224360395641172
1148 0.1266052061317772
1144 0.1287023538002475
1140 0.1291880321708218
1136 0.1276073630981966
1132 0.1293486977532694
1128 0.1306443963948829
1124 0.1356013682577633
1120 0.1372224547607762
1116 0.1342919246419818
1112 0.1323950828263606
1108 0.1323897709442972
1104 0.1314702494392949
1100 0.121345446971415
1096 0.1200096156156634
1092 0.1237171351351011
1088 0.1202724827314425
1084 0.1173551441851811
1080 0.1111871071249273
1076 0.1094580920170787
1072 0.1055972257053926
1068 0.1035941629192658
1064 0.09986665531106544
1060 0.09461858335502192
1056 0.09084389322950381
1052 0.09113597294837725
1048 0.09005933267175234
1044 0.09202136647904134
1040 0.09854958413381483
1036 0.0966759404672051
1032 0.09423222648766993
1028 0.09035515863685184
1024 0.0882867895824704
1020 0.08818124442179287
1016 0.08828063188095252
1012 0.08800040106855947
1008 0.08930539981875771
1004 0.0891671981767683
1000 0.09073640496370483
996 0.09906749191250705
992 0.102706738213532
988 0.1041094023462712
984 0.1209649228372666
980 0.1221510781602101
976 0.1322032657850048
972 0.1373292971642273
968 0.1417929003030343
964 0.1435462649677362
960 0.1465931345526471
956 0.1509470190641864
952 0.1557020521535332
948 0.1617367346413488
944 0.1676094208425951
940 0.1800320028120524
936 0.1812339413529888
932 0.181581096329169
928 0.1768503380894552
924 0.1817313264178519
920 0.1871386033136989
916 0.1915820600138143
912 0.1894548573559223
908 0.1921584380459339
904 0.1891804765988236
900 0.1869335157256244
896 0.1837276944660124
892 0.185996491095832
888 0.1755193114319666
884 0.1718113352118684
880 0.1607939072051542
876 0.1625491759491383
872 0.1624340911258183
868 0.1629373913345298
864 0.1516601419714224
860 0.1423743715139613
856 0.1329020166856473
852 0.1328113829741287
848 0.1278471417807352
844 0.120032413002529
840 0.1147442484232525
836 0.1127792202674019
832 0.1091275893648067
828 0.1072557784939861
824 0.1384622747825672
820 0.1375632751545849
816 0.1321942679068504
812 0.1289515209341867
808 0.127819130555154
804 0.1278060394651657
800 0.1261482331770579
796 0.1320995826175468
792 0.1350559629060524
788 0.1351166637574822
784 0.1443044145401008
780 0.148142093472088
776 0.2100598451512619
772 0.2142308836463606
768 0.2161602431260594
764 0.2177452725606089
760 0.223139433129167
756 0.2359836586731154
752 0.2369596340023606
748 0.2433010057266012
744 0.2446994492632955
740 0.2481965078052696
736 0.2614087992106119
732 0.262505046996888
728 0.2843353100086201
724 0.2897306766480728
720 0.2990008703720222
716 0.3029122768804432
712 0.3112483858515753
708 0.3184828447354904
704 0.3129120093615764
700 0.3155337881135972
696 0.3182374759124823
692 0.3280484553397059
688 0.3198876380203976
684 0.3142321335414283
680 0.3131089892436875
676 0.3172946074798593
672 0.324410173381729
668 0.308678258009529
664 0.3014763611354949
660 0.2967273234349433
656 0.2993535519022742
652 0.2885415442662901
648 0.2817996897071384
644 0.274464628167616
640 0.2955431452986786
636 0.3056693362850864
632 0.2935720997383356
628 0.2895738572028911
624 0.2784080730296797
620 0.2786865883667021
616 0.2749957822879583
612 0.275438308484303
608 0.2730222059812534
604 0.2715206965852757
600 0.2919078644854165
596 0.3018814074592707
592 0.3077029834727655
588 0.4151403328962238
584 0.4182993836150907
580 0.4247084933745741
576 0.4400624743027432
572 0.4470567464483889
568 0.4573812692686698
564 0.4916745740812262
560 0.5019161163226397
556 0.5146580226343006
552 0.5275928516368552
548 0.6095809898835101
544 0.6218179892432156
540 0.6259141943365124
536 0.6479990261376142
532 0.6623625620550909
528 0.6765719204283746
524 0.6653686183700983
520 0.6733362946953274
516 0.6452269579341378
512 0.6133890120159954
508 0.6598941535533589
504 0.6316427374050384
500 0.6284098236651118
496 0.6406874944689981
492 0.6332808684038285
488 0.588269179300749
484 0.5905795522535924
480 0.577561156514191
476 0.52699631805742
472 0.5111658200459049
468 0.5604647100997859
464 0.5602333858783812
460 0.5552842502006918
456 0.5525658193776283
452 0.5606371118834822
448 0.5578602571927809
444 0.5607160078791943
440 0.5718281318168069
436 0.616703121095178
432 0.6545370899248779
428 0.6922141626151171
424 0.7054293459289622
420 0.7143907988695419
416 0.7288352535834474
412 0.7175947347603101
408 0.7209805779576527
404 0.7125085599863904
400 0.7288924671522193
396 0.7308925922828514
392 0.8277946412536279
388 0.8424687469131255
384 0.8678713577252238
380 0.8657983334967926
376 0.9144461450363698
372 0.9286906786143058
368 0.9421429076343777
364 0.8821184943761602
360 0.845706490105517
356 0.8698876163761784
352 0.9098977552119852
348 0.8920700396123262
344 0.8438051468868458
340 0.8598104190771555
336 0.8407330496375585
332 0.8046205809862775
328 0.795473934307742
324 0.8064220901218212
320 0.7898963459913813
316 0.7314034679427649
312 0.7218033711420813
308 0.7251124380907232
304 0.7512640321924097
300 0.7450674838475326
296 1.145231944825618
292 1.128679986169159
288 1.165296801742322
284 1.212655632072351
280 1.226169957528449
276 1.295254559467814
272 1.366697347757429
268 1.358925813371085
264 1.434845746711035
260 1.519232588904873
256 1.583892871562031
252 1.578114568656757
248 1.565292688541833
244 1.486633269807725
240 1.417535868649925
236 1.486599758013098
232 1.487056562321761
228 1.431569056020589
224 1.322437866248176
220 1.33101718994501
216 1.173922581712201
212 1.400142030617981
208 1.364873541993505
204 1.421350251882992
200 1.461943970691699
196 1.415859407099505
192 1.272532668007134
188 1.263633736682419
184 1.291910461617832
180 1.355112674351401
176 1.316770443687526
172 1.129179107754468
168 1.085621464210833
164 1.092583214965952
160 1.681243437086022
156 1.732478985492421
152 1.824117917941003
148 1.98946679941318
144 2.06755338900848
140 2.221760020883333
136 2.431021173707538
132 2.589050980080317
128 2.420948337072847
124 1.971144485847925
120 1.632283774562878
116 1.639171333647272
112 1.217828650227248
108 1.08833261322538
104 1.950755289374762
100 2.605811139434568
96 2.411132273275656
92 2.478266315777618
88 2.698323735774657
84 1.644913424277418
80 1.270513863193444
76 1.163397160609731
72 1.478227953431079
68 1.777326703212561
64 1.147359789138249
60 0.9411644990460571
56 0.7035757639477093
52 0.2537211738666409
48 0.6262342875930758
44 1.030316821699299
40 0.9636710239168886
36 0.3130204550210532
32 0.3045682304271123
28 0.4458503918602615
24 0.3198242480552255
20 0.6855621867445024
16 0.644577891756556
12 0.5518872018611249
8 0.4667027437472669
4 0.5224920665473999
