1200 0.09203356516277805
1196 0.09379145827320748
1192 0.09492228068933692
1188 0.09634000029034308
1184 0.09715359784503833
1180 0.1036035367681178
1176 0.1078533976388445
1172 0.1107223569662426
1168 0.1095453925915535
1164 0.1105879703433092
1160 0.1060668614424034
1156 0.1082721355666355
1152 0.1120334494348227
1148 0.11569060443133
1144 0.1116691009952751
1140 0.1101110595763936
1136 0.1112806466834099
1132 0.1149078670842424
1128 0.1174880356303905
1124 0.1224427833168775
1120 0.1238483441162729
1116 0.1232446032582261
1112 0.1216065556265732
1108 0.1183491341958774
1104 0.1166965434403043
1100 0.112741379610802
1096 0.113304530119574
1092 0.1170611402350416
1088 0.1167724129949308
1084 0.1185347315729121
1080 0.1140912266154955
1076 0.1136290684789385
1072 0.1113788569541554
1068 0.1108524202448528
1064 0.1020334673681269
1060 0.09664737731537695
1056 0.0937235672269589
1052 0.09227454050145317
1048 0.0912669306426435
1044 0.08992511353879018
1040 0.09951697495482077
1036 0.09927419246504818
1032 0.09917317575940965
1028 0.09396966159587684
1024 0.09086972760696937
1020 0.08981008189121717
1016 0.0879063654158798
1012 0.08616608535391829
1008 0.08529044956636503
1004 0.08674952026513279
1000 0.08873324594634012
996 0.09207991157678287
992 0.09378563237276522
988 0.09433639143634252
984 0.1146876162462631
980 0.116587655641664
976 0.122326685144577
972 0.1274823137456196
968 0.1308180585997559
964 0.1318342890751404
960 0.1328787668252188
956 0.1368648633448322
952 0.1367570112924719
948 0.1343806663260661
944 0.1373723252112867
940 0.1452430383777666
936 0.1473565135242885
932 0.1465124161835057
928 0.1472057205454394
924 0.1481233701866106
920 0.1508556054603586
916 0.1513233076092773
912 0.1503076784991689
908 0.1529883353181647
904 0.1443454440905435
900 0.1428621745520717
896 0.1402420394274502
892 0.1415940002442578
888 0.1397233814858743
884 0.1355778327141178
880 0.1315811024231269
876 0.1294640269787573
872 0.1307343484775569
868 0.1313838056161971
864 0.1208514673275774
860 0.1103463554263684
856 0.1032839793486226
852 0.1040840137240346
848 0.09871611599341798
844 0.09345868457491986
840 0.08843807923608385
836 0.0876315749808394
832 0.08276628180100239
828 0.08103863767174685
824 0.1105033456419811
820 0.1069484325898416
816 0.1047506490203689
812 0.100598581769643
808 0.1005805632725951
804 0.0988931120131689
800 0.09758152447304004
796 0.1049462915174788
792 0.1040817545418813
788 0.1035318942567122
784 0.1134243217901397
780 0.1163341342991516
776 0.1802042496179766
772 0.1824227653812968
768 0.1819281867318538
764 0.185381360878675
760 0.1847927601180499
756 0.1977545227908509
752 0.1943292732106413
748 0.204330086892215
744 0.198387652691602
740 0.200025256433963
736 0.2111189650334106
732 0.2021717769643126
728 0.233528341190774
724 0.2315703729542919
720 0.2460464324952664
716 0.2461518895304667
712 0.2503687007552048
708 0.2520136246082361
704 0.2478611781163629
700 0.2571460063054466
696 0.2589582184374868
692 0.2643956141666748
688 0.261439755453768
684 0.2568365627353736
680 0.2423261277581852
676 0.2501183603636807
672 0.2578369962323143
668 0.2517302673116373
664 0.2531507755102794
660 0.243373127752923
656 0.2514704683317578
652 0.2482778339566683
648 0.2477637641233058
644 0.2307233834393742
640 0.2371166042499029
636 0.2411155280507188
632 0.2231343086070178
628 0.2202467911742192
624 0.2043230380144082
620 0.2037208250533106
616 0.202828120352626
612 0.2070444613775063
608 0.2091090767921408
604 0.2086333466071232
600 0.2100577556598909
596 0.2185367862258475
592 0.2213820905493204
588 0.3161386478333461
584 0.3157029815372486
580 0.3166457606052875
576 0.3268224429000376
572 0.3350047973170021
568 0.3430227806297008
564 0.3792603390856363
560 0.3872907889730151
556 0.3916324674444845
552 0.405809255866538
548 0.4652480671678847
544 0.4847903251427281
540 0.4825995111353701
536 0.4933718869260225
532 0.5091806943157157
528 0.5217638582286911
524 0.5143491958830338
520 0.5141366214056536
516 0.5061609399791829
512 0.5016143841596742
508 0.5767842218522217
504 0.5476496576710274
500 0.5513825216791302
496 0.5493427797151815
492 0.5505131884430845
488 0.5289219247109468
484 0.53845445181034
480 0.5068959346957812
476 0.4695020470132475
472 0.4400783431729692
468 0.4370259628847641
464 0.4318080296653462
460 0.4367661364060677
456 0.4353760035515761
452 0.436448860537459
448 0.4330591825966037
444 0.4425486628496439
440 0.4518347699884643
436 0.556024280936435
432 0.6471962233114915
428 0.65350197631356
424 0.6620796294727787
420 0.653745146308163
416 0.6658700241751812
412 0.6442511583136064
408 0.6387931470635654
404 0.6600056179819844
400 0.618714721370789
396 0.6151810610464896
392 0.6473267150729937
388 0.6380136487191179
384 0.6605353929743096
380 0.6479856386908811
376 0.6971051869548431
372 0.6998706536341692
368 0.7430817998830642
364 0.7056472246625418
360 0.6492014854504342
356 0.6825018403369048
352 0.7078010909353656
348 0.6898994912388919
344 0.6246266135455796
340 0.6380818148465158
336 0.6192196477629401
332 0.6095118390687539
328 0.6252477957096013
324 0.613579535710078
320 0.5940925903866306
316 0.5582862156352962
312 0.5455692076342407
308 0.5623856843000578
304 0.6003986836156572
300 0.6136120819114526
296 1.009716919608267
292 0.9894366626580997
288 1.062647468720542
284 1.088753932736185
280 1.104836318736061
276 1.164236561993488
272 1.222978873629448
268 1.258771240697817
264 1.425457485448617
260 1.558164663775357
256 1.62459207587819
252 1.612658746727893
248 1.632643566343164
244 1.621697461648095
240 1.448267470504936
236 1.471857427409697
232 1.556367797699535
228 1.454298255299442
224 1.362354840316519
220 1.418124943723525
216 1.157099719944289
212 1.360000044680963
208 1.269536334104055
204 1.297844899025557
200 1.367893091840609
196 1.361602539253395
192 1.167802116799883
188 1.143096155866936
184 1.286746128972271
180 1.363617383259898
176 1.311550996172225
172 1.170732739007667
168 0.9533071133597487
164 1.028111958122025
160 1.347070723904306
156 1.447169962951929
152 1.604686792219902
148 1.754090867886009
144 1.802532399493399
140 1.578324801463049
136 1.966082028713347
132 2.119820983843824
128 2.057997654801488
124 1.485892438455951
120 1.272109417843345
116 1.239562722344872
112 0.9617156080636859
108 0.8383558191993452
104 2.18008032520268
100 2.142834623138094
96 2.024900887329791
92 2.190525453105934
88 2.360579983968758
84 1.669171998577069
80 1.003740169442045
76 1.290974197947641
72 1.679574252986983
68 1.698609887370903
64 1.306211334157643
60 0.9383440631539322
56 1.137732687693271
52 0.3731484869682874
48 0.6754943864899637
44 1.032245346016144
40 1.124977051377287
36 0.6291217037115067
32 0.4652539557372748
28 0.539571105967367
24 0.4186739342447556
20 0.9641525800218085
16 0.8891179316111714
12 0.6706019596001915
8 0.4494814776219709
4 0.6079197998182876
