600 0.4723849301944844
590 0.4723849301944844
580 0.4723849301944844
570 0.4723849301944844
560 0.472474722925695
550 0.4725276208968682
540 0.4726025611572148
530 0.4726354352579027
520 0.4726846961197982
510 0.472912852341593
500 0.4731474227157523
490 0.4733428069381824
480 0.4734186264414852
470 0.4734652231597272
460 0.4735782132845623
450 0.4737117834982961
440 0.4738475466600977
430 0.4740430219939543
420 0.4742025628070535
410 0.4743000771462311
400 0.4743980445000848
390 0.474553137144228
380 0.474673823800319
370 0.4747449052739524
360 0.4749399916739449
350 0.4751966440429201
340 0.4754644448310306
330 0.4757297001144692
320 0.4758903606330586
310 0.4760780749792196
300 0.4763046765991921
290 0.4769405857141263
280 0.4773177652176649
270 0.4777520076641599
260 0.4779332136382131
250 0.4785512032260897
240 0.4789590010028362
230 0.479835717771434
220 0.480312669072699
210 0.480826805458846
200 0.4822750159023775
190 0.483391409787594
180 0.4846611072076273
170 0.4863909111632191
160 0.4889839978356054
150 0.4927625194726195
140 0.4958486988142981
130 0.5002763259984924
120 0.5072720911610153
110 0.5149718726240299
100 0.5244015865419569
90 0.53743197047473
80 0.5528000831264865
70 0.5739227441957429
60 0.6018042492652866
50 0.6312518009671778
40 0.682637975056994
30 0.7482428439355048
20 0.8355875353170501
10 0.9270187278312685
