600 0.6362546212241998
590 0.6362546212241998
580 0.6362546212241998
570 0.6362546212241998
560 0.6362546212241998
550 0.6366998787137763
540 0.6361214021593398
530 0.636746188181247
520 0.6354119178238331
510 0.6346117031071404
500 0.6345171272081183
490 0.6339470070760138
480 0.634601400329001
470 0.6344605346641025
460 0.6341058914575607
450 0.6348575278387273
440 0.6351877841115516
430 0.6345978355013493
420 0.6354473564294959
410 0.6361003667387046
400 0.6380077366976484
390 0.6374968249374667
380 0.6376817003501472
370 0.6378918672751047
360 0.6391757601084581
350 0.6413487288432334
340 0.6412156430536819
330 0.642086025089907
320 0.6435208981945362
310 0.6459984399093877
300 0.6485618500316327
290 0.6506868852943853
280 0.6516078775869855
270 0.6521841143557088
260 0.6537705826822494
250 0.6556420018726918
240 0.6582208310266435
230 0.6599672678061879
220 0.65987933383988
210 0.6604695453498406
200 0.6615719052248956
190 0.6632541421186934
180 0.6666448462064712
170 0.671025474622419
160 0.6741605070150154
150 0.6798561187572146
140 0.688383112590968
130 0.7034094253804257
120 0.7121365819804946
110 0.7195187973638273
100 0.7319736177701007
90 0.7507620755589978
80 0.7603899750639834
70 0.782456806671473
60 0.8137605097300205
50 0.8153849567101402
40 0.8450275031888246
30 0.8769208230107165
20 0.9261134596984716
10 0.9725438868843457
