600 0.4060233891370189
590 0.4060233891370189
580 0.4060233891370189
570 0.4060233891370189
560 0.4060956153930063
550 0.4061784073485201
540 0.4062217533079586
530 0.4062692756069151
520 0.4062672208282516
510 0.4063618483872697
500 0.4062846382034021
490 0.4061937795501436
480 0.4061395671395408
470 0.406117573557525
460 0.4061865994045671
450 0.4062796876490301
440 0.4063304600506771
430 0.4063444742852153
420 0.4061981653825027
410 0.406173114662849
400 0.4063627919923701
390 0.406700857619267
380 0.4071652322324118
370 0.4075191924707423
360 0.4076710833159918
350 0.4078427295588004
340 0.4083640989840451
330 0.4090686544725499
320 0.409797694116621
310 0.4104677550508064
300 0.4108397906089321
290 0.4113220828248748
280 0.4119069465273328
270 0.4125947874654787
260 0.4130801403619773
250 0.4134781025666237
240 0.4137397916891934
230 0.413736718762485
220 0.4135442417771084
210 0.4135717803761894
200 0.4138287950139254
190 0.4140182440148428
180 0.4134854675502321
170 0.4131712763678959
160 0.414826782088806
150 0.4177838184559808
140 0.4198554430063163
130 0.4233788495720534
120 0.4311724836106208
110 0.4431248984254044
100 0.4555312133473289
90 0.4741241057860192
80 0.4994792392584816
70 0.5336328846078212
60 0.5746098307208529
50 0.6216078540535139
40 0.695808841130329
30 0.7639350282964483
20 0.8594757074622213
10 0.9376047069605387
