600 0.4124006218239278
590 0.4124006218239278
580 0.4124006218239278
570 0.4124006218239278
560 0.4125311155823189
550 0.4125802146332577
540 0.4125856793695049
530 0.4126637989137627
520 0.4127334249808549
510 0.4127468467198951
500 0.4127342146271273
490 0.4126536798325895
480 0.4125634078486879
470 0.412557825068876
460 0.4126417191631778
450 0.4127093146745596
440 0.4127632851693628
430 0.4128158935548594
420 0.4126997742089209
410 0.4126619748696573
400 0.4128373342334236
390 0.4131583770771656
380 0.4136471599079733
370 0.41396118921758
360 0.4141854340323092
350 0.4143823253494061
340 0.414945465078831
330 0.4155708133515376
320 0.4162303155524247
310 0.4168542224205737
300 0.4171938310598094
290 0.4176412925568489
280 0.4182244721353481
270 0.4187623444669279
260 0.4193031479900153
250 0.4197374647269204
240 0.4200122541403686
230 0.4201277182455251
220 0.4199993174751212
210 0.4200338773068026
200 0.4204208766907511
190 0.4208110393570471
180 0.4203500293777424
170 0.4198903295952983
160 0.4217188056449815
150 0.4247475335970465
140 0.4268218181082756
130 0.4301553273825828
120 0.4382711998401563
110 0.4497865668656902
100 0.461708846195403
90 0.4794884642468466
80 0.5044619376424956
70 0.5364389964087757
60 0.575997049083889
50 0.6240049904533573
40 0.7045610813030958
30 0.7694508247655455
20 0.8687889248366711
10 0.947242590865363
