1200 0.4814926222048124 0.4825055210617071 0.5211724535767013 0.4825055210617062 0.47819000162042 0.5195677388986782 0.5211724535767015 0.5195677388986786 0.6516202940956889 
600 0.4814926222048124 0.4825055210617071 0.5211724535767013 0.4825055210617062 0.47819000162042 0.5195677388986782 0.5211724535767015 0.5195677388986786 0.6516202940956889 
590 0.4814926222048124 0.4825055210617071 0.5211724535767013 0.4825055210617062 0.47819000162042 0.5195677388986782 0.5211724535767015 0.5195677388986786 0.6516202940956889 
580 0.4814926222048124 0.4825055210617071 0.5211724535767013 0.4825055210617062 0.47819000162042 0.5195677388986782 0.5211724535767015 0.5195677388986786 0.6516202940956889 
570 0.4814926222048124 0.4825055210617071 0.5211724535767013 0.4825055210617062 0.47819000162042 0.5195677388986782 0.5211724535767015 0.5195677388986786 0.6516202940956889 
560 0.4814926248947943 0.4825055358017609 0.5211724536559648 0.4825055358017621 0.4781900084231135 0.5195677387467182 0.5211724536559657 0.51956773874672 0.6516202940956889 
550 0.4814925724844548 0.482505448636232 0.5211724489344206 0.4825054486362312 0.4781899749065072 0.5195677363432729 0.5211724489344201 0.5195677363432732 0.6516202931415657 
540 0.4814931155085318 0.482506026218082 0.5211724704719107 0.4825060262180798 0.478190328387643 0.5195677498568889 0.521172470471911 0.5195677498568891 0.6516202959959915 
530 0.4814931005396362 0.4825060097691155 0.521172472458127 0.4825060097691146 0.4781903118144095 0.5195677510377941 0.5211724724581257 0.5195677510377942 0.6516202955870186 
520 0.4814930833634049 0.482506010608424 0.5211724725589464 0.4825060106084222 0.478190313774625 0.5195677513906536 0.5211724725589455 0.5195677513906536 0.6516202978306574 
510 0.4814930810179848 0.4825059884882484 0.5211724746791255 0.4825059884882485 0.4781902932911313 0.5195677534474482 0.5211724746791272 0.5195677534474473 0.6516203000471149 
500 0.4814930740553245 0.4825059808925304 0.521172477861751 0.4825059808925302 0.478190286000588 0.5195677552554981 0.5211724778617532 0.519567755255498 0.6516203004849801 
490 0.4814930768181608 0.482505985908098 0.5211724591910728 0.4825059859080971 0.4781902908000863 0.519567744461044 0.5211724591910731 0.5195677444610449 0.6516203241854814 
480 0.4814930028891254 0.4825059062617835 0.5211725586940565 0.4825059062617836 0.4781902266752068 0.519567839182155 0.5211725586940593 0.5195678391821563 0.6516204709141707 
470 0.4814929295975633 0.4825058461280634 0.5211725393533746 0.4825058461280617 0.4781901520547896 0.5195678223875753 0.5211725393533773 0.5195678223875762 0.65162047114532 
460 0.4814928603394404 0.4825057728824451 0.5211726066881703 0.4825057728824428 0.4781900342909355 0.5195678717410417 0.5211726066881728 0.5195678717410422 0.651620471930603 
450 0.4814927860550013 0.4825057023981983 0.5211726077127349 0.4825057023981974 0.4781899673474754 0.5195678733148223 0.5211726077127367 0.5195678733148199 0.6516204779928155 
440 0.4814927629611834 0.4825056793711709 0.5211725804326062 0.4825056793711702 0.4781899459507415 0.5195678740172386 0.5211725804326073 0.519567874017239 0.6516204856048569 
430 0.4814927639838408 0.4825056783586245 0.5211726021357833 0.4825056783586236 0.4781899471224383 0.5195678939383233 0.5211726021357842 0.5195678939383254 0.6516204474591971 
420 0.4814926838390459 0.4825055930861527 0.521172545771888 0.482505593086149 0.4781898758478705 0.5195679013532272 0.5211725882068803 0.5195679013532284 0.6516205469035961 
410 0.4814927026841228 0.4825056145022748 0.5211728562107303 0.4825056145022724 0.4781898873222644 0.5195681283319519 0.5211728562107315 0.5195681283319536 0.6516208371263482 
400 0.4814921987481809 0.4825051078409994 0.5211728498086389 0.482505107840999 0.4781894199080357 0.5195681217473853 0.5211728498086409 0.5195681217473872 0.6516208328459777 
390 0.4814918531730254 0.4825047644521051 0.5211727963518247 0.4825047644521034 0.4781890450917612 0.5195680373045224 0.5211727963518242 0.5195680373045216 0.6516208376142844 
380 0.481491852511074 0.4825047678859249 0.5211727990073369 0.4825047678859236 0.4781890626175185 0.5195680404407148 0.5211727990073356 0.5195680404407154 0.6516208483775576 
370 0.4814918479775312 0.4825047735948075 0.5211727335361618 0.4825047735948062 0.4781890332043397 0.5195680702684441 0.52117273353616 0.5195680702684438 0.651620855642799 
360 0.4814918500016275 0.4825047452288932 0.5211727632099661 0.482504745228894 0.4781890435103324 0.519568094101621 0.5211727632099659 0.5195680941016214 0.6516208399904719 
350 0.4814915543043039 0.4825045791763717 0.521172695824766 0.4825045791763716 0.4781887763327063 0.5195680492595786 0.5211726958247667 0.51956804925958 0.6516207550575268 
340 0.4814920184153507 0.4825048782258586 0.5211728994983018 0.4825048782258566 0.4781892939574878 0.519568181037425 0.5211728994983016 0.5195681810374266 0.6516207402177884 
330 0.4814920578962671 0.4825050274765134 0.5211729306129954 0.4825052697884443 0.4781893646235822 0.519568215880818 0.5211729306129944 0.5195682158808164 0.6516207221596708 
320 0.481491885608976 0.4825048010542716 0.5211727295323861 0.4825048010542718 0.4781890028869543 0.5195680033375968 0.521172729532387 0.5195680052314803 0.6516206912771253 
310 0.4814917801678174 0.4825048088529385 0.5211727045546857 0.4825048088529379 0.4781890194496792 0.5195679623289847 0.5211727045546838 0.5195679623289847 0.6516207988323897 
300 0.4814915919933732 0.482504635490371 0.5211727066368054 0.4825046354903699 0.4781888200973575 0.519568044617126 0.5211727066368067 0.5195680446171257 0.6516208164483496 
290 0.4814921525972954 0.4825055179979584 0.5211727993259043 0.4825055201019982 0.4781891760272615 0.519568114859017 0.521172799325905 0.5195681148590159 0.6516207638932056 
280 0.4814927146507323 0.482505929308189 0.5211729119511006 0.4825059293081888 0.4781896446205006 0.5195682617369806 0.5211729119511015 0.5195682617369802 0.6516212049571836 
270 0.4814947655129619 0.4825088370279806 0.5211729187994181 0.4825088370279805 0.4781916989468316 0.5195682539599736 0.5211729187994195 0.5195682539599741 0.6516213878117115 
260 0.4814981452620352 0.4825113267327749 0.5211736563212763 0.4825113267327744 0.4781701324356439 0.519568903752951 0.5211736563212757 0.5195689037529518 0.6516217357786612 
250 0.4814732570935829 0.4824865573608267 0.521174212070355 0.482486557360826 0.4781684383682896 0.5195694285522923 0.5211742120703549 0.5195694285522919 0.6516216707183058 
240 0.4814739300227315 0.4824872423926466 0.5211742552715789 0.4824872423926453 0.4781687739008322 0.5195694555533902 0.521174255271578 0.5195694555533887 0.6516217037025859 
230 0.481472647471941 0.4824861982797255 0.5211736959022821 0.4824861982797241 0.4781674632273519 0.5195688307923527 0.5211736959022832 0.5195688307923541 0.6516208238261362 
220 0.4814664082252803 0.4824800621914639 0.5211766057541621 0.4824800621914639 0.4781608367697101 0.5195719460526753 0.5211766057541627 0.5195719460526743 0.6516250530710525 
210 0.4814956924522463 0.4825099808657284 0.5211782850541782 0.482426975338116 0.4781917192523013 0.5195736556262603 0.5211782850541763 0.5195734801265098 0.6516291319226225 
200 0.4814152606098044 0.4824292506270669 0.5211786291576685 0.4824292506270672 0.4781062786117994 0.5195735383478171 0.5211786291576687 0.5195735383478185 0.6516292552857685 
190 0.4814049775878498 0.4824271873293428 0.5211783533841843 0.4824271873293423 0.478104593436028 0.5195722987409646 0.5211785943204311 0.5195722987409643 0.6516300695348416 
180 0.4814183766657466 0.4824299369692659 0.5211846322222176 0.4824299369692664 0.4781109894990141 0.5195789842746874 0.5211846322222191 0.5195789842746861 0.6516444432722982 
170 0.4814434221318366 0.482458791388651 0.5211589861724012 0.4824587913886504 0.4781370039475866 0.519553415567553 0.521158986172403 0.5195534155675536 0.6515936642172064 
160 0.4814237538379821 0.4824590602079592 0.5211679519204869 0.4824590602079585 0.4782130090096035 0.5195638783178186 0.5211679519204867 0.5195638783178186 0.6515968565727359 
150 0.481435577486977 0.4824458234067651 0.5211609899032814 0.4824458234067652 0.4781396479947609 0.5195600105176938 0.5211609899032823 0.5195600105176935 0.6515957385804364 
140 0.4815244765760163 0.4824852197880602 0.5211699404083371 0.4824852197880596 0.4781804873169811 0.5195533391558687 0.5211699404083375 0.5195533391558678 0.6516773190430438 
130 0.4817564745455091 0.4827299270179944 0.5210894806104818 0.4827648438783544 0.4784463299981186 0.5194757708193773 0.5210894806104823 0.5194757708193779 0.6515031793556599 
120 0.4818016329832549 0.4828021995514424 0.5212581597844431 0.4828021995514427 0.4784858115131318 0.5196438992950748 0.5212581597844438 0.519643899295075 0.6515124289672568 
110 0.4817108795419303 0.4827146519632143 0.5212177141299232 0.4827146519632139 0.4783931118047459 0.5196298238981053 0.521217714129923 0.5196298238981054 0.6515083079728108 
100 0.481834510806031 0.4828620926728554 0.5213944192127582 0.4828620926728546 0.4784967365395694 0.5197052657506545 0.5213944192127588 0.5197052657506541 0.6517453214254443 
90 0.482440800577439 0.4832766787587194 0.5213354400962181 0.4834386000025359 0.4789252120103816 0.519681756330728 0.5213354400962197 0.5196817563307286 0.6518720523404841 
80 0.4829092178627598 0.4839995861455973 0.5221453634243256 0.483999586145597 0.4796584387677194 0.5205318617530902 0.5221453634243238 0.5205318617530893 0.6518900758442356 
70 0.4824742019135456 0.4835766284832944 0.5221890540599309 0.4835766284832933 0.4791933199659255 0.5201435213478895 0.5221890540599311 0.5201435213478882 0.6520896005789915 
60 0.4775890516270356 0.4792410640995842 0.5224996247262649 0.4792410640995851 0.4744780470134219 0.5204743269692911 0.5224996247262643 0.5204743269692889 0.6527964580108648 
50 0.5120742638818772 0.5146127491508291 0.5280773889839026 0.5146127491508291 0.5158049556888056 0.5263321330909136 0.5280773889839038 0.526332133090913 0.6522376924022021 
40 0.562655251402951 0.5645519993780865 0.570900267352862 0.5645519993780863 0.5653984780018655 0.5707792650266306 0.5709002673528614 0.5707792650266307 0.6497636652055617 
30 0.6908522582654641 0.6923754599147596 0.6804704490209855 0.6923754599147595 0.6925279355299626 0.6828839677298228 0.6804704490209859 0.6828839677298234 0.6633104133213299 
20 0.7150443536135224 0.7160933022722303 0.7503152233472526 0.7160933022722303 0.7174264978721658 0.7494295835245214 0.7503152233472526 0.7494295835245214 0.6973673122035206 
10 0.7649770930839639 0.7659872884921747 0.7650356795038504 0.7659872884921743 0.765020721335871 0.7638981738487906 0.7650356795038504 0.7638981738487906 0.8425325192632935 
