1200 0.4939034789597015 0.4938624106504834 0.4866360597531832 0.493862410650484 0.4938226707727236 0.4866048451993214 0.4866360597531861 0.4866048451993181 0.4793267020629567 
600 0.4939034789597015 0.4938624106504834 0.4866360597531832 0.493862410650484 0.4938226707727236 0.4866048451993214 0.4866360597531861 0.4866048451993181 0.4793267020629567 
590 0.4939034789597015 0.4938624106504834 0.4866360597531832 0.493862410650484 0.4938226707727236 0.4866048451993214 0.4866360597531861 0.4866048451993181 0.4793267020629567 
580 0.4939034789597015 0.4938624106504834 0.4866360597531832 0.493862410650484 0.4938226707727236 0.4866048451993214 0.4866360597531861 0.4866048451993181 0.4793267020629567 
570 0.4939034789597015 0.4938624106504834 0.4866360597531832 0.493862410650484 0.4938226707727236 0.4866048451993214 0.4866360597531861 0.4866048451993181 0.4793267020629567 
560 0.4939562194007046 0.4939161985610184 0.4866833696603741 0.4939161985610178 0.4938806772740197 0.4866536436315446 0.4866833696603765 0.4866536436315431 0.4793267020629567 
550 0.493975419228581 0.4939375084694266 0.4867139180170472 0.4939375084694233 0.4939016096603609 0.4866867282679544 0.4867139180170508 0.4866867282679536 0.4793834260328837 
540 0.4939963911474471 0.4939613278021515 0.4867347345577896 0.493961327802153 0.493927689887786 0.4867102661947122 0.4867347345577938 0.486710266194709 0.4793997742022125 
530 0.4940268086208159 0.4939916765859249 0.486768787283511 0.4939916765859241 0.4939578531522081 0.4867441148526063 0.4867687872835131 0.4867441148526044 0.4794557115766231 
520 0.4940917695634567 0.4940559577923086 0.4868398095982865 0.4940559577923058 0.4940214668838865 0.4868151230789866 0.4868398095982912 0.4868151230789844 0.4795614341218767 
510 0.4942070863377742 0.4941720597313186 0.486918075440878 0.4941720597313178 0.494131106087784 0.4868935122419207 0.4869180754408837 0.4868935122419188 0.4796623526268843 
500 0.494314870904953 0.4942798395881178 0.4870012511754779 0.4942798395881176 0.4942461270456603 0.4869767008748874 0.4870012511754803 0.4869767008748855 0.4797888154408054 
490 0.4943660234466727 0.4943310042902023 0.4870574724046587 0.4943310042902032 0.4942973021892815 0.4870329401487303 0.4870574724046616 0.4870329401487288 0.4798100421548174 
480 0.4943901031030606 0.4943552329547726 0.4870891309237432 0.4943552329547695 0.494321518661229 0.4870646009295255 0.4870891309237454 0.4870646009295238 0.479823213066484 
470 0.4944193295277611 0.494384293269825 0.4871152534254365 0.4943842932698231 0.4943505535625897 0.4870906824967609 0.4871152534254386 0.4870906824967602 0.4798408568860161 
460 0.4944779555569056 0.4944428010377428 0.4871783434333809 0.4944428010377406 0.4944056962965436 0.487153669515128 0.487178343433385 0.4871536695151244 0.4799479963743545 
450 0.494609195533705 0.4945740573184251 0.4872854292850208 0.494574057318425 0.4945285058352087 0.4872607696347067 0.4872854292850234 0.4872607696347016 0.4800555083702877 
440 0.4947175742833648 0.4946824240011847 0.4873986425923574 0.4946824240011825 0.4946485696215205 0.4873739218811134 0.4873986425923623 0.4873739218811113 0.4802105805997542 
430 0.4948075879318485 0.4947723740508323 0.4874906721579543 0.4947723740508323 0.4947384683398398 0.4874623674214029 0.4874906721579557 0.487462367421403 0.4802427426731145 
420 0.4948502528251625 0.4948150457999518 0.4875366351653794 0.4948150457999509 0.4947811367712086 0.4875149336529047 0.4875376829234204 0.4875149336529039 0.4802588545648073 
410 0.4948948642218467 0.4948596570058788 0.4875653924718096 0.4948596570058768 0.494825747706892 0.4875406959720161 0.487565392471811 0.4875406959720152 0.4802898656157351 
400 0.4949865434659194 0.4949513522852021 0.4876571241781307 0.4949513522851961 0.4949174677710036 0.4876241013463822 0.4876571241781306 0.4876241013463823 0.4803425802102599 
390 0.4950887193048407 0.4950535383707966 0.4878122895815169 0.4950535383707946 0.4950196661335624 0.4877876632439367 0.4878122895815208 0.4877876632439334 0.4804732370434495 
380 0.4952728981986793 0.4952440320151287 0.4879915016383038 0.4952440320151267 0.4952102005417515 0.487980480300389 0.4879915016383024 0.4879804803003877 0.4806136713327664 
370 0.4953463371117151 0.4953142944151988 0.4880826423382437 0.4953142944151954 0.4952835795726748 0.4880580398720083 0.4880826423382438 0.4880580398720039 0.4806951335032558 
360 0.4954143605438815 0.4953792157938477 0.4881395828410935 0.4953792157938486 0.4953454106521358 0.4881149948035368 0.488139582841099 0.4881149948035334 0.4807409918309934 
350 0.495493418302096 0.4954556424764115 0.4881969393951437 0.4954556424764116 0.495421831404643 0.4881723626299375 0.4881969393951448 0.488172362629937 0.4808050116749865 
340 0.4956689678373702 0.4956339093673712 0.488370836247331 0.4956339093673703 0.4956002076317013 0.4883464295987986 0.4883708362473321 0.4883464295987979 0.4809144381614747 
330 0.4958467402847835 0.4958118596605339 0.4886253508381442 0.4958316097413658 0.4957934276562707 0.488601143306004 0.4886253508381464 0.4886011433060043 0.4810804807519571 
320 0.4959774534078545 0.4959498562688653 0.4888042159736154 0.4959498562688643 0.4959235861445599 0.4888029246618342 0.4888042159736177 0.4888029195333001 0.4812383621405726 
310 0.4960829510857742 0.4960481560952898 0.4889076399951235 0.4960481560952877 0.4960146804529059 0.4888833710922229 0.4889076399951313 0.4888833710922234 0.4813629356981747 
300 0.4961435613809129 0.4961086282347581 0.4890019334113884 0.496108628234757 0.4960750121437507 0.4889775226591762 0.48900193341139 0.4889775226591745 0.4814541279926332 
290 0.4963668365676851 0.4963319647505335 0.4892286149732295 0.4963319216557763 0.4962983657543253 0.4892042332187569 0.4892286149732343 0.4892042332187542 0.4816777933496779 
280 0.4966827477898701 0.4966642492172172 0.4894664298752128 0.4966642492172158 0.4966306860447144 0.4894580562159098 0.4894664298752164 0.4894580562159068 0.4818962000653403 
270 0.4968874978510024 0.4968295409846548 0.4898314663545065 0.4968295409846549 0.4967960600092835 0.4898073704946626 0.4898314663545132 0.4898073704946603 0.482157523676435 
260 0.497009221110534 0.4969744930850677 0.4899187037340385 0.496974493085069 0.496933676328926 0.4898946605520635 0.489918703734041 0.4898946605520607 0.482368118400803 
250 0.4971559394317994 0.4971212811155043 0.4901169340497686 0.497121281115501 0.4970879339079897 0.4900929521211162 0.4901169340497695 0.4900929521211148 0.482616735411534 
240 0.4974813684394107 0.4974466383603519 0.4904911832434761 0.4974466383603537 0.4974132103770226 0.4904672237859829 0.490491183243476 0.4904672237859826 0.4831406807376986 
230 0.4980468807220741 0.4980122647907625 0.4909317807489673 0.4980122647907598 0.4979790101898172 0.4909078102228983 0.4909317807489719 0.4909078102228971 0.4834736041833496 
220 0.498347109455341 0.4983126294103333 0.4911772338872443 0.498312629410332 0.4982794994339307 0.4911533556764133 0.4911772338872481 0.4911533556764122 0.4839123876161736 
210 0.4985816819586136 0.4985472051760395 0.4914442360173665 0.4985473237704028 0.498514169231964 0.4914202285685046 0.4914442360173679 0.4914156945684285 0.4840812994296655 
200 0.4991148544264276 0.4990803724276451 0.4919952591933757 0.4990803724276418 0.4990471696991761 0.4919715194033718 0.4919952591933814 0.4919715194033691 0.4848189744449758 
190 0.4998213402535994 0.4997999852629928 0.4926020119948258 0.4997999852629937 0.4997802002609709 0.4926205433173536 0.4926445730672963 0.4926205433173515 0.4857740010605079 
180 0.5005861340262957 0.5005518886401608 0.4931495513538858 0.5005518886401593 0.5005189418497871 0.4931259409226798 0.4931495513538904 0.4931259409226784 0.4863144964936305 
170 0.5010868197029679 0.5010528491609835 0.4936783318141416 0.5010528491609826 0.5010201578891452 0.4936549363018357 0.4936783318141476 0.4936549363018383 0.4867357329626196 
160 0.5021902201819015 0.5021403064871724 0.494582298715915 0.5021403064871692 0.502091622073593 0.4945588841031143 0.4945822987159166 0.4945588841031124 0.4878699353970648 
150 0.5036927161530229 0.5036008593422613 0.4960269683451249 0.5036008593422581 0.5036276348131389 0.4960043550075489 0.4960269683451252 0.4960043550075521 0.4893587603506965 
140 0.5046483239003574 0.5046371016281841 0.497110472168046 0.5046371016281824 0.5046053760144138 0.497087008157547 0.4971104721680462 0.497087008157545 0.4902184425570952 
130 0.5062041770717063 0.5062427209020242 0.4983582350291479 0.5061720378278206 0.5061411982318536 0.4983360905317873 0.4983582350291474 0.4983360905317864 0.4918159218516316 
120 0.5085913332465771 0.5085591003153281 0.5010998889038591 0.5085591003153245 0.5085287075309634 0.5010772754583716 0.5010998889038564 0.5010772754583712 0.4941390048841563 
110 0.5114341895260157 0.5114007182951739 0.5043722806593227 0.5114007182951719 0.5114687791293044 0.5043490182327565 0.5043722806593242 0.504349018232755 0.4973076968024719 
100 0.5147495878692362 0.5147146878764935 0.5076404956794314 0.5147146878764909 0.5146807877345719 0.5076151075686315 0.5076404956794285 0.5076151075686315 0.5011437225339785 
90 0.5211989398982263 0.5211654784943476 0.5148253553220538 0.5213582559478915 0.5211338729288079 0.5148023136906641 0.5148253553220559 0.5148023136906638 0.506282456005528 
80 0.5291818890874938 0.5291492909128144 0.5229576884866152 0.529149290912811 0.529117801803259 0.5229358556906661 0.5229576884866147 0.5229358556906667 0.5147782735604873 
70 0.5400349905544453 0.5400044242264511 0.5352045685826204 0.5400044242264458 0.5399750389877818 0.5351831053480115 0.5352045685826247 0.5351831053480122 0.528094982599845 
60 0.560172779380564 0.5601467464336306 0.5560804003127686 0.5601467464336277 0.5601218189406986 0.5560637143298792 0.5560804003127738 0.5560637143298801 0.5487929607052414 
50 0.5862434263508279 0.586218558120729 0.581581033493291 0.5862185581207251 0.5861953801076137 0.581565471217105 0.5815810334932949 0.5815654712171003 0.5775833499302403 
40 0.6307491210980033 0.6307256099181425 0.6257297617759259 0.6307256099181353 0.6307037111524584 0.6257150872810894 0.6257297617759302 0.6257150872810829 0.6278152451654441 
30 0.6953849233356857 0.6953667039937386 0.6895758746409336 0.6953667039937369 0.6953488318544752 0.6895637727811237 0.6895758746409346 0.6895637727811197 0.6912688883839961 
20 0.7874179552079382 0.7874076252483363 0.7835330761811095 0.7874076252483366 0.7873951318648132 0.7835255086685867 0.7835330761811146 0.7835255086685838 0.7863609947253677 
10 0.8969356794562482 0.896933900085541 0.8989650026656838 0.896933900085545 0.8969231812732079 0.8989510919190392 0.8989650026656831 0.8989510919190402 0.8897019837010358 
