600 0.2155556105673521
590 0.2155556105673521
580 0.2155556105673521
570 0.2155556105673521
560 0.2152370277603625
550 0.2150188322022849
540 0.2150230278304204
530 0.2150592809386309
520 0.21501449075276
510 0.215039928489373
500 0.2147511620926719
490 0.2144773523786474
480 0.2143060165287382
470 0.2143582232323223
460 0.2145698183071908
450 0.2151792209199836
440 0.2157133996247931
430 0.2161627115364512
420 0.2163764048841006
410 0.2164912622551306
400 0.2166848047688889
390 0.2169977022803848
380 0.2176875383326613
370 0.2183695439062293
360 0.21883136523242
350 0.2187192011295422
340 0.218255849294676
330 0.2175870422675524
320 0.2173608420225985
310 0.2171081751004111
300 0.2168531416200553
290 0.2161547399140735
280 0.2145997652986373
270 0.2130515485978275
260 0.2120326544118683
250 0.2118155121667772
240 0.2121672174107115
230 0.2119799724595562
220 0.2112704378945363
210 0.2112380347535134
200 0.2128618063675536
190 0.2157369271200345
180 0.218731161570453
170 0.2201843682966343
160 0.221588808174225
150 0.2244791739659533
140 0.2274421184877706
130 0.2264066200849219
120 0.2202023312238134
110 0.2120570983831235
100 0.2041262759183363
90 0.1865480552919264
80 0.1574145100051836
70 0.1324711632949406
60 0.1149580842232334
50 0.08781511142729695
40 0.09000405193178747
30 0.1719619524472233
20 0.3398426856308188
10 0.6718064982073862
