600 0.2761131537167829
590 0.2761131537167829
580 0.2761131537167829
570 0.2761131537167829
560 0.2757989123268833
550 0.2757120566117673
540 0.2757506311043306
530 0.2757542534767176
520 0.2756799292794577
510 0.2757361530327246
500 0.2754447530151151
490 0.2751699801012248
480 0.2749965139293072
470 0.2750605147933216
460 0.2752496605738631
450 0.2757518842518406
440 0.2763249419905469
430 0.2767257289668781
420 0.2769669833209034
410 0.2770945444997388
400 0.277262134588023
390 0.2775739347701506
380 0.2782383478781537
370 0.2789021614849303
360 0.2794393592442651
350 0.2794970731321459
340 0.2790869647470486
330 0.2785392342373898
320 0.2783281121809198
310 0.2780006488865305
300 0.2778244528263196
290 0.2773072886918879
280 0.2757697140665707
270 0.2741305787212179
260 0.2731130663958527
250 0.2729146855037661
240 0.2731589366909096
230 0.2730557298603798
220 0.2721633932828526
210 0.272174817806471
200 0.2735430415477159
190 0.2765238002333033
180 0.27964742454076
170 0.2810712388041033
160 0.2824780712711546
150 0.2851054998914106
140 0.2880506047521287
130 0.2877695816588949
120 0.2812201510505885
110 0.2737549200137757
100 0.2663890353048404
90 0.2491876978077854
80 0.2195805752446361
70 0.1932452362987269
60 0.1728990310857831
50 0.1414414117485655
40 0.1297534558145139
30 0.2164287537310706
20 0.3695841755739874
10 0.6926755904073949
