600 6.037988073733368
590 6.037988073733368
580 6.037988073733368
570 6.037988073733368
560 6.037671333502231
550 6.038344450204692
540 6.03727498795307
530 6.037171058179386
520 6.036975740091391
510 6.036330500381604
500 6.036348532545239
490 6.036323283421049
480 6.036327533829491
470 6.036400129727071
460 6.036142002449965
450 6.036095018236851
440 6.036084917781544
430 6.036001731449461
420 6.035959778269675
410 6.035728445687703
400 6.035519423442444
390 6.034887767968256
380 6.034535053650118
370 6.034497178022753
360 6.034364144183784
350 6.034218621935923
340 6.033427448167657
330 6.033114902221451
320 6.032581334773436
310 6.032684322570392
300 6.032259600261035
290 6.032087526452777
280 6.03163497634768
270 6.03130850394483
260 6.031305943286568
250 6.031381900229878
240 6.029921535733943
230 6.029953945748096
220 6.029700907505945
210 6.028155936901074
200 6.027353428586125
190 6.02607888527608
180 6.024367898893821
170 6.022713291645572
160 6.019494789313468
150 6.017275884221074
140 6.012679014409702
130 6.008769703255825
120 6.002467043666983
110 5.999044239610276
100 5.981699906643773
90 5.960853519908794
80 5.905617572233654
70 5.808371034088609
60 5.728447482353597
50 5.54828524216999
40 5.241837416600164
30 4.584770012709705
20 4.239688715356046
10 2.560323618703906
