600 4.405540711920322
590 4.405540711920322
580 4.405540711920322
570 4.405540711920322
560 4.405517721100411
550 4.405778296102705
540 4.404816129383915
530 4.404611319120479
520 4.404384230210433
510 4.403994013904195
500 4.404078372187117
490 4.404020112652547
480 4.404046777456739
470 4.404113173474123
460 4.403932182377192
450 4.403738743450584
440 4.403717660669507
430 4.403356504952487
420 4.403357078842196
410 4.403230782406981
400 4.403521633121986
390 4.402733456696562
380 4.402139145610536
370 4.401966079990991
360 4.401898004875384
350 4.401939061838046
340 4.40172860452769
330 4.401658927241201
320 4.400833945721522
310 4.401189632849607
300 4.400806928186367
290 4.400808836250074
280 4.400551584218593
270 4.400240034069103
260 4.400356986387267
250 4.400542237622174
240 4.398782556940741
230 4.397963360260825
220 4.398093149569562
210 4.396020114070648
200 4.397512552669234
190 4.393411749213147
180 4.39277989616463
170 4.393021015151773
160 4.386750197478085
150 4.386912752483711
140 4.383998438589534
130 4.388823856142753
120 4.379757741150778
110 4.375739503663525
100 4.378869198849608
90 4.38103298831153
80 4.353053025174368
70 4.285276511487322
60 4.256984114535577
50 4.130866502263764
40 3.98386357095873
30 3.499262977469888
20 3.091201523670259
10 2.234759408180728
