1272 0.1024689719989133
1262 0.1026969900644059
1252 0.1030262485670254
1242 0.1033140167671038
1232 0.1035508657276244
1222 0.1037033761767145
1212 0.1039914228754791
1202 0.1042357092479067
1192 0.1045418204161764
1182 0.1049758462111275
1172 0.105219386977397
1162 0.1051140007037994
1152 0.1052395500935202
1142 0.1053228295203908
1132 0.1053340565356218
1122 0.1052015109767518
1112 0.105329449618851
1102 0.1056154897771193
1092 0.1057747888054287
1082 0.1060095130403799
1072 0.1068143331316295
1062 0.1079208602624785
1052 0.109115517524934
1042 0.109881390802616
1032 0.1103705683492038
1022 0.1110672955047009
1012 0.111297360319619
1002 0.1112838106740859
992 0.1112327782957558
982 0.1107820506431449
972 0.1106836064075843
962 0.1111035548837455
952 0.1114037986787432
942 0.1120951862881464
932 0.1133745513789774
922 0.1146494191240656
912 0.1154770710491939
902 0.1165563681555001
892 0.1172754411265194
882 0.117531952202852
872 0.1176395167390816
862 0.1178965782288006
852 0.1179546675373266
842 0.1179162445500087
832 0.1178637244837204
822 0.1188186702391454
812 0.1191953920612894
802 0.1201682096200319
792 0.1215105879618631
782 0.1224552297420699
772 0.1233350400971709
762 0.1242043950848949
752 0.1247626685058524
742 0.1247594603243747
732 0.124574940241333
722 0.124749256273779
712 0.1253002461172222
702 0.1258172730580444
692 0.1269270398253852
682 0.1282664286023255
672 0.1297841851245944
662 0.1311306669453164
652 0.1321524235756021
642 0.1325391865237624
632 0.1333675556130164
622 0.1337819283442484
612 0.134769813182447
602 0.1353304430127131
592 0.136401296871531
582 0.1392858908279259
572 0.1418074741754994
562 0.1438802611654413
552 0.1455891056303294
542 0.1472066020014838
532 0.148170330800906
522 0.1487709560171019
512 0.1495077645220545
502 0.1515420490484039
492 0.1530942387879372
482 0.1564293561922727
472 0.1592172088549273
462 0.1615583329728322
452 0.1638587701028067
442 0.1651542958279178
432 0.1665957340646658
422 0.1676257941088864
412 0.1697558770809235
402 0.1731794551813099
392 0.1758236764146226
382 0.1796355787456012
372 0.1829951749416668
362 0.1853186072379144
352 0.1887980584518757
342 0.1915742837257922
332 0.1958171743388287
322 0.1981338705314423
312 0.2041486173446108
302 0.2096444678594098
292 0.2149293880592583
282 0.2195554486587463
272 0.2239425545107455
262 0.2256302675776937
252 0.2324376335780545
242 0.2420747604135539
232 0.2509439076949596
222 0.2609444836991706
212 0.2638138817963928
202 0.2689956176542174
192 0.2808627203688804
182 0.2935319635638638
172 0.3131088618211049
162 0.3224845505239807
152 0.3373268756013176
142 0.3511707912269707
132 0.3738142502460417
122 0.3993356185685271
112 0.4289638158246057
102 0.4452292735736313
92 0.4713658227526586
82 0.5243168017922837
72 0.5689075598246025
62 0.6072417130174668
52 0.6658515557923951
42 0.7331434648218668
32 0.8075667134369339
22 0.8796607221845636
12 0.9487257016950607
2 0.9771219020637698
