1272 0.1346409014242155
1262 0.1349330348976217
1252 0.135304190417976
1242 0.1349154873297136
1232 0.1345200928343128
1222 0.1338061431292925
1212 0.1334264515943973
1202 0.1336226209921027
1192 0.1342446981346003
1182 0.1344740310501965
1172 0.1341590435255312
1162 0.1343987930189678
1152 0.135564268492746
1142 0.1357473003058514
1132 0.1351246333636237
1122 0.1338022594816965
1112 0.1335434800006502
1102 0.132610909335146
1092 0.1313444116207267
1082 0.1308080307792453
1072 0.1327876295573843
1062 0.1369581279616896
1052 0.1418300462087098
1042 0.144309383046494
1032 0.1440117503102214
1022 0.1454119409653565
1012 0.1455058262868471
1002 0.1451182795397882
992 0.1461360954397935
982 0.144464916724442
972 0.1435608069843027
962 0.1469657065324378
952 0.1523709204318247
942 0.1512086788974466
932 0.1555731252690557
922 0.1622411437418749
912 0.1618232285071839
902 0.165295059804
892 0.1657405250932173
882 0.1654682702373909
872 0.1648340360929096
862 0.165629210155341
852 0.1667380294315899
842 0.1689037512973307
832 0.1695401554531664
822 0.1741478844105104
812 0.1744553698917439
802 0.1799014159775223
792 0.1840234520402186
782 0.1866674985830647
772 0.1895891595049931
762 0.1907816304041534
752 0.1919169493589563
742 0.1919142945379891
732 0.1903130847616023
722 0.190957443232675
712 0.1944796947645029
702 0.1975105454211732
692 0.2035653531884419
682 0.2086990069818884
672 0.2137366684384966
662 0.2165737579119945
652 0.2186623305030249
642 0.2183999364951531
632 0.2182894163208752
622 0.2181618723255522
612 0.2206926366045867
602 0.2229888665496506
592 0.2263508438131965
582 0.2333140146898003
572 0.2384817312826283
562 0.2411016349997652
552 0.2444004794892632
542 0.2451131070537972
532 0.2454221595590201
522 0.2445129946173492
512 0.2432175162914197
502 0.2475626880946092
492 0.246342365932764
482 0.2486181034446737
472 0.2573114696094813
462 0.261052560372184
452 0.2628077873562504
442 0.2633295826729468
432 0.2583215951400895
422 0.2574721834396141
412 0.2530008113176782
402 0.2611762384247974
392 0.2690706761500817
382 0.2752335503516184
372 0.2829016984215754
362 0.2832466246831175
352 0.2822700203175091
342 0.2790368286878596
332 0.2909895870968048
322 0.2965099014215363
312 0.2997059754646761
302 0.3071276282598047
292 0.3117869484377636
282 0.3141384557990887
272 0.3347372108421173
262 0.3488232546421228
252 0.3594079000005609
242 0.3683452683063492
232 0.370587118408542
222 0.3720541935559787
212 0.3823924697672411
202 0.3855838269501038
192 0.418958336671457
182 0.4384054943915468
172 0.4518780327885957
162 0.4434367733259036
152 0.4457906592190821
142 0.4993773811410117
132 0.5352883641535867
122 0.5692865965001447
112 0.5717778964607106
102 0.5775465788629306
92 0.6142464385234119
82 0.7005107774842513
72 0.7132982384204917
62 0.710930789835393
52 0.7679108595911323
42 0.8744135733951816
32 0.8878438327262342
22 0.9572307932860532
12 0.9720441180112731
2 0.9910898479998012
