1272 0.07572128946971869
1262 0.07589767536735673
1252 0.07587869932304543
1242 0.07567800929507092
1232 0.075753460029181
1222 0.07596328940537399
1212 0.07601022526949262
1202 0.07637420113508377
1192 0.07662898077766429
1182 0.07680364686402667
1172 0.07718402271605454
1162 0.07748118782956516
1152 0.07763770524134946
1142 0.0777542078756584
1132 0.07762287047380069
1122 0.07752155582185494
1112 0.07763006157055145
1102 0.07835125895807302
1092 0.0782487443061569
1082 0.07829851930511214
1072 0.07852252314592398
1062 0.07884865401592688
1052 0.07884612891558136
1042 0.07869693818596461
1032 0.07849336361060162
1022 0.07868655980895709
1012 0.07852100745572742
1002 0.07851714399369997
992 0.07879547056548342
982 0.07906347191491996
972 0.07891398727193433
962 0.07957662460827253
952 0.07965190414671554
942 0.08015078131454655
932 0.07993516753392531
922 0.07933816001528793
912 0.07926232475200724
902 0.07940418754248894
892 0.07940562257406156
882 0.07948676218534309
872 0.07945880023115981
862 0.07934858945994777
852 0.07946874177884919
842 0.07984509854806648
832 0.07949547148102699
822 0.07875928505083081
812 0.07867117702200377
802 0.07914629398148318
792 0.07936592580752116
782 0.07980798276278504
772 0.07986618541921207
762 0.07988333098676713
752 0.07970143484605685
742 0.07933967041241002
732 0.0789600207234297
722 0.07801612925169694
712 0.07807545964637295
702 0.07849404717989319
692 0.0795211665021361
682 0.07930196361265894
672 0.07959761563912614
662 0.08055285152865303
652 0.08162968264427398
642 0.08144709809155706
632 0.08177974236282011
622 0.08199949792861899
612 0.08274328394677581
602 0.08337630759572563
592 0.08348640490764692
582 0.08363789057398563
572 0.08465763959585305
562 0.08693802539996667
552 0.08849631016199172
542 0.08983322786264986
532 0.09125448624218688
522 0.09186546466945417
512 0.09219160664528103
502 0.09206503851835288
492 0.092633931355629
482 0.09427582652592202
472 0.09616511712505246
462 0.09813452613498767
452 0.09839443831239457
442 0.09871009598684639
432 0.09729559567649711
422 0.09696803048667786
412 0.097138025952841
402 0.09817277311418604
392 0.1015735184305242
382 0.1009941553785192
372 0.09908029734671504
362 0.09860586719169519
352 0.09667298829795079
342 0.09659471743731766
332 0.09677598830923376
322 0.09824506470962764
312 0.09755289319097478
302 0.100337375040701
292 0.1035829565462731
282 0.104910632041059
272 0.1054150008011591
262 0.1061987263064086
252 0.1099615967487807
242 0.1176222274874306
232 0.1275146576394663
222 0.1403094492803414
212 0.1492141945343664
202 0.1588584019787165
192 0.1719826678015776
182 0.1911339079529895
172 0.2147123582265479
162 0.233038804913242
152 0.2595915786301124
142 0.284520973065609
132 0.3117696155973821
122 0.3340307482633545
112 0.3610112781851206
102 0.3792643158910163
92 0.4137924339360353
82 0.4609479714087385
72 0.5046798011309834
62 0.545663877980159
52 0.6082334383398097
42 0.6860162324041031
32 0.824443188747908
22 0.8691139822364897
12 0.9563270261439705
2 0.9845081566578868
