1272 0.05696745650562456
1262 0.05704353991784662
1252 0.05714741914135639
1242 0.05693027804975423
1232 0.05687833991923554
1222 0.05713875074163954
1212 0.05758093331191565
1202 0.0577339890204182
1192 0.05789872146328848
1182 0.05814072554924968
1172 0.05836129420836397
1162 0.05865649787154575
1152 0.05883309570724118
1142 0.05894563230535012
1132 0.05897459165581055
1122 0.05888438028545102
1112 0.05880105487242781
1102 0.0593867599409027
1092 0.05946883469313262
1082 0.05950922494768306
1072 0.05962889479795429
1062 0.05992646432842934
1052 0.0599549427781777
1042 0.05981961114727397
1032 0.05980674020013177
1022 0.05985555068282542
1012 0.05979771021152172
1002 0.05968096573054055
992 0.05979058420110451
982 0.06012059746924461
972 0.06008547171989869
962 0.06015090879421518
952 0.06027832608984774
942 0.06072283518477519
932 0.06073061481939368
922 0.06028214047956065
912 0.06030046667690068
902 0.06035273465221832
892 0.06035842073613944
882 0.06044437950064014
872 0.06045755402018865
862 0.06043631443845431
852 0.06046759111067307
842 0.06078637064093917
832 0.06073371748385793
822 0.06026659060802328
812 0.06053820287184015
802 0.06099366652495928
792 0.06169462833793471
782 0.06220381958721984
772 0.06231612277345681
762 0.06264876969698574
752 0.06268361823689619
742 0.06283651975699993
732 0.06262460785205679
722 0.06211953077664518
712 0.06229464031400327
702 0.06298989460965349
692 0.06389779186066814
682 0.06407224495253462
672 0.06480121182958642
662 0.06584505445683646
652 0.06661731651149244
642 0.06651982946657467
632 0.06658832328327539
622 0.06688474089189086
612 0.06703758181647117
602 0.06791960377350287
592 0.0680647802406458
582 0.06815106383856104
572 0.06886597496318615
562 0.06985109320348169
552 0.07069984885906692
542 0.07162310087545579
532 0.07245900078878631
522 0.07315913601889211
512 0.0730156059860447
502 0.07228679065298577
492 0.07306835571513381
482 0.07374777716851758
472 0.07463988351355397
462 0.07633656870782793
452 0.07718420784256859
442 0.07722302746418523
432 0.07590093683943054
422 0.07583631458022896
412 0.07592520292739478
402 0.07689668279214912
392 0.08009866344208715
382 0.08050397402879962
372 0.08003184454524057
362 0.07885534853074665
352 0.07828588512737979
342 0.07733908731471752
332 0.07866045598473355
322 0.08244525988888721
312 0.08262031155859814
302 0.08362320292984531
292 0.08708862683410527
282 0.08835518799437393
272 0.09076069053238747
262 0.09416088219615283
252 0.09525389395263292
242 0.100474247937008
232 0.1103251553782399
222 0.1219417169321874
212 0.1329066955329335
202 0.1391515411125865
192 0.1488266733656962
182 0.1646066051853109
172 0.1841405363571469
162 0.2043703630406166
152 0.2265668765294281
142 0.2512198460674971
132 0.2790375212032761
122 0.3050139599731304
112 0.341623413447954
102 0.3687966062745109
92 0.3994250010956268
82 0.4498212127549718
72 0.4892196790771958
62 0.5406761780340948
52 0.5797013285944634
42 0.6188186119687413
32 0.7538597728491417
22 0.8340577084634144
12 0.9519303249973375
2 0.9785105442406555
