1272 0.03549668143074131 0.03549298305344264 0.03549298305344251 0.03548953469602517 
1262 0.03604408451231478 0.0360377530220632 0.03603775302206302 0.03603174380436414 
1252 0.03693802091577963 0.03692773312949098 0.03692773312949087 0.03691780749439175 
1242 0.03786345676962472 0.03784111273808669 0.03784111273808641 0.03781892465180121 
1232 0.03896303267878468 0.03893849759672992 0.03893849759672972 0.03891404133524581 
1222 0.04001337645691379 0.03993778479302698 0.03993778479302672 0.03986189929908766 
1212 0.04131089612598648 0.04127365594267048 0.0412736559426701 0.04123677217242481 
1202 0.04254232882683329 0.04250051315399921 0.04250051315399887 0.04245863719908675 
1192 0.043607328301903 0.04356753340176285 0.04356753340176245 0.04352779054130788 
1182 0.0443325135193887 0.04434329034059648 0.04434329034059645 0.04431033111173795 
1172 0.04491667136655885 0.04488394451522566 0.04488394451522541 0.04485272505420171 
1162 0.04516059913639347 0.04515719950773089 0.04515719950773071 0.0451342968896307 
1152 0.04543560957462146 0.0454202068631161 0.04542020686311592 0.04539642914940426 
1142 0.04560890448601 0.04558554764968221 0.04558554764968183 0.04556206906182571 
1132 0.04583247120750704 0.04580887356717067 0.045808873567171 0.04579435962835145 
1122 0.0461943404397638 0.04617206774295129 0.0461720677429509 0.04614946064736588 
1112 0.04678305296416606 0.04680209393052583 0.04680209393052581 0.04678138040256512 
1102 0.04776076292175514 0.04762595342254208 0.04762595342254162 0.04772131428278008 
1092 0.04883751317114154 0.04882098441245392 0.04882098441245379 0.04880431240969904 
1082 0.05003269872975758 0.05001979132733173 0.05001979132733195 0.05000664398039829 
1072 0.05140938927218465 0.05135252704038123 0.05135252704038118 0.05135143137644597 
1062 0.05265749919833877 0.05264877860357482 0.05264877860357453 0.05263995626320132 
1052 0.05375327688054429 0.05374884715334176 0.0537488471533414 0.05374431513006216 
1042 0.05468250665977421 0.0546619933754239 0.05466199337542363 0.05464117304436571 
1032 0.05547629055662269 0.05547317584277467 0.05547317584277413 0.055469979209498 
1022 0.05595428190139165 0.05595056534504757 0.05595056534504746 0.05594680563481825 
1012 0.0562740974085201 0.05625385377791575 0.0562538537779157 0.05625028999098699 
1002 0.05645375085927618 0.0564510639981038 0.05645106399810357 0.0564475307901439 
992 0.05676217017792994 0.05673832606397467 0.05673832606397406 0.05674543796022158 
982 0.05721800376372861 0.05722370187541758 0.05722370187541733 0.05721986840841357 
972 0.05775889183086515 0.05775491571170117 0.05775491571170088 0.0577510528791132 
962 0.0587367699505177 0.05873405964727296 0.05873405964727284 0.05873204282588747 
952 0.06003035347340806 0.06002963607578407 0.06002963607578383 0.06002952190930609 
942 0.06147720795788922 0.06142929840239925 0.06142929840239861 0.06143025434502852 
932 0.06286592056480719 0.06286900759543608 0.06286900759543576 0.06287184759441238 
922 0.06436295832103021 0.06436688900107339 0.0643668890010724 0.06437051778101902 
912 0.06556963495322897 0.06557351056514994 0.06557351056514989 0.06557706974140698 
902 0.06646455429113213 0.06646749826159068 0.06646749826159029 0.06647011186602823 
892 0.0670596912912487 0.06706228229197303 0.06706228229197274 0.0670645108719605 
882 0.06728428529385573 0.06728671748631174 0.06728671748631125 0.06728879094840683 
872 0.06758098954885114 0.06758159480857415 0.06758159480857413 0.06758243153747874 
862 0.06784107786270759 0.06781729668349588 0.06781729668349583 0.06781977976551526 
852 0.068361867557961 0.06836588099452694 0.06836588099452678 0.06838559094719698 
842 0.06918224031944081 0.0691876583103392 0.06918765831033906 0.06919350997638296 
832 0.07046717162152108 0.07044363456201949 0.07044363456201903 0.07045150195632163 
822 0.07199291092563136 0.07199365664038038 0.07199365664038057 0.07200260270785408 
812 0.07355396246409682 0.07356207614119854 0.07356207614119828 0.07357016661640133 
802 0.07513892355127545 0.07511858054068714 0.07511858054068644 0.07512552603392428 
792 0.07657367860597106 0.076580144751989 0.07658014475198821 0.07658653729896892 
782 0.07753265290179946 0.07753828916859534 0.07753828916859522 0.07754383104882823 
772 0.078295801656868 0.07829931347098576 0.07829931347098486 0.07830275267523033 
762 0.07888573720024872 0.07888875449879915 0.07888875449879851 0.07889169856270396 
752 0.07925084166654454 0.07925365571079898 0.07925365571079837 0.07925638325515399 
742 0.07966363604153194 0.07966386721076399 0.07966386721076361 0.07966362449466236 
732 0.08030394404841976 0.08027279182427398 0.08027279182427302 0.08024156874141897 
722 0.08134092104617555 0.08129758444016845 0.0812975844401688 0.08130021102468195 
712 0.08257869910701841 0.08258225557274958 0.08258225557274906 0.08258572712455541 
702 0.08411395066181945 0.08411653750353944 0.08411653750353934 0.08411939748767588 
692 0.08598096062710213 0.08598311518136868 0.08598311518136852 0.08593813686362257 
682 0.08760345688520302 0.08760473584645459 0.08760473584645487 0.08760730125041384 
672 0.08933296834412044 0.0892830374094368 0.08928303740943655 0.08928477703389043 
662 0.09048664182123192 0.09051877981683877 0.09051877981683849 0.09052057434007392 
652 0.09132668979203738 0.09132923212459707 0.09132923212459736 0.09133186974689179 
642 0.09179432388640352 0.09179758999560828 0.09179758999560782 0.09180095825731395 
632 0.09235666820058923 0.0923602251111129 0.09236022511111237 0.09236384540565765 
622 0.09290255412410649 0.09287659404400243 0.09287659404400186 0.09285093331811149 
612 0.0937869447108321 0.09379000179236485 0.09379000179236434 0.09379312946288709 
602 0.09544298697853318 0.09549894312657292 0.09549894312657206 0.09558722119207784 
592 0.09737797773464552 0.09737863979878905 0.09737863979878882 0.09730698822558366 
582 0.09989151241921937 0.0998884481061917 0.09988844810619103 0.09988492079618128 
572 0.1018597863557172 0.10185670620699 0.1018567062069903 0.1018536694369391 
562 0.1037243954087376 0.1037207487462369 0.1037207487462367 0.1037165156002535 
552 0.1049113407926296 0.1049071741417257 0.1049071741417254 0.1049024620044065 
542 0.105811733706487 0.1058068279006367 0.1058068279006364 0.105801303106737 
532 0.1064066504748538 0.106402012594336 0.106402012594336 0.1063969010535464 
522 0.1072792853051803 0.1072742169137865 0.1072742169137868 0.1072691159064467 
512 0.1085547848766495 0.1085324980774321 0.1085324980774316 0.108547652349075 
502 0.1106332325479098 0.1105100273429081 0.1105100273429071 0.1103850442229006 
492 0.1129679917402332 0.1129636806680177 0.1129636806680164 0.1129591688341642 
482 0.1159840550607578 0.1159791530219765 0.1159791530219756 0.1159741820702015 
472 0.1183132224519953 0.1183085260405678 0.1183085260405675 0.1183032647336929 
462 0.1208059264722497 0.1207997306323087 0.1207997306323083 0.1207927230335809 
452 0.1224074152429675 0.1224013472090748 0.122401347209074 0.1223948215172142 
442 0.123393537478572 0.1233730228345417 0.1233730228345412 0.1233661539789283 
432 0.1245593166266461 0.1247387662380883 0.1247387662380883 0.1247229880783329 
422 0.1259990190608812 0.1259297842645293 0.1259297842645291 0.1258614130221312 
412 0.128399330136802 0.1283922136353683 0.1283922136353682 0.1283847624943429 
402 0.1318084117663891 0.1314493402046667 0.1314493402046658 0.1311770517787929 
392 0.1359434453773755 0.1359349700027329 0.1359349700027316 0.1359260837871029 
382 0.1394372277995781 0.1394307334966112 0.1394307334966108 0.1394237883164859 
372 0.142230180852466 0.1421220306817811 0.1421220306817796 0.1421164602817569 
362 0.1439556082768405 0.1440106133739008 0.1440106133739006 0.1440652406159196 
352 0.1457461527025336 0.1457434709505951 0.1457376367773443 0.1457345008965048 
342 0.1475627964799963 0.1475592618500944 0.1475592618500941 0.1474778163645165 
332 0.1508603970968601 0.1508794663193521 0.1508794663193513 0.1507514432083115 
322 0.1560303886155343 0.1560303053802339 0.1560303053802327 0.1560294589204445 
312 0.1607599580337656 0.1606613805138983 0.160661380513898 0.1605630802917944 
302 0.1654879449172771 0.1654876720909187 0.1654876720909175 0.1654863622858088 
292 0.1699099611190606 0.1698724367423609 0.1698724367423598 0.1698350359874102 
282 0.1729944444925786 0.1729899513172179 0.1729899513172167 0.1729030915004914 
272 0.1760656185626794 0.1760279859620058 0.1760279859620042 0.1760217137837044 
262 0.1804547083645443 0.1804445108979453 0.1804445108979456 0.180434528377377 
252 0.1855883821182867 0.1855764115634265 0.185576411563427 0.185563899583153 
242 0.1931072207762874 0.1930972358240111 0.1930972358240108 0.1930874305314494 
232 0.200974003684101 0.2009622397432924 0.2009622397432922 0.2009508431548349 
222 0.208385582583863 0.2081428815839494 0.2081428815839488 0.2079019729010444 
212 0.2149980739964632 0.2149806963581448 0.2149806963581444 0.2149634729905866 
202 0.2198966246516647 0.2198774590566501 0.2198774590566514 0.2198593147402873 
192 0.2277700386070402 0.2278907178157208 0.2278907178157203 0.2277397257896498 
182 0.2397158385361296 0.2396956421005107 0.2396956421005096 0.239672697795963 
172 0.2534479467554411 0.2534318075691248 0.2534318075691238 0.2534155104487939 
162 0.268956997328903 0.2689292487323337 0.2689292487323353 0.2689021726727144 
152 0.279706941295905 0.2796848753083684 0.2796848753083664 0.2796633031661783 
142 0.2905722257137625 0.2919030564223142 0.2919030564223127 0.2932250662992668 
132 0.3096991706580637 0.3096800001532086 0.309680000153207 0.3096635103100353 
122 0.3362090270018168 0.3362002362663126 0.3362002362663098 0.3361725653261015 
112 0.3631766273907727 0.3631594535613592 0.3631594535613563 0.3631412638907829 
102 0.3873064517864893 0.3872902576959726 0.3872902576959671 0.387272866215648 
92 0.4146275421026641 0.4146236007906699 0.4146236007906645 0.4146195896555075 
82 0.4592011471323488 0.4591837548515822 0.4591837548515777 0.4579786757856179 
72 0.5030005266213977 0.5029864028339719 0.5029864028339669 0.4988891753559095 
62 0.5549634769056729 0.5549501186245509 0.5549501186245502 0.554936394908378 
52 0.6079796170536703 0.6079632254933744 0.6079632254933743 0.6079455547806041 
42 0.6776650856862945 0.6776389580734882 0.6776389580734854 0.6776175263827021 
32 0.772524099857036 0.7601472701251467 0.7601472701251373 0.7601311401045564 
22 0.8374100586509068 0.8373923191656254 0.8373923191656238 0.8373761956273518 
12 0.9307504603706619 0.9307418119406857 0.9307418119406821 0.9307335970915595 
2 0.9765428407603035 0.9765429639996015 0.9765429639995994 0.9765396767713849 
