1272 0.02174680487889288 0.02192929827509063 0.0219292982750906 0.02192665564023024 
1262 0.02229171406368505 0.02242324670650829 0.02242324670650823 0.0224564145806754 
1252 0.02233496985949568 0.02245268045167767 0.02245268045167753 0.02248446892068329 
1242 0.02375032683945082 0.02376925773184919 0.02376925773184919 0.02377744258042261 
1232 0.02571117938645544 0.02576073606267635 0.02576073606267628 0.02554953620405233 
1222 0.02486094456751035 0.02492134502510839 0.02492134502510863 0.02489423813532841 
1212 0.02474910698253568 0.02480214840122304 0.02480214840122325 0.02460757264244015 
1202 0.02562038489547751 0.02570739750964105 0.02570739750964102 0.02572869166962001 
1192 0.02436030171778177 0.02443096605372556 0.02443096605372554 0.0243676952622002 
1182 0.02439573366261891 0.02453806254061196 0.02453806254061204 0.02470298849173533 
1172 0.02431040249075109 0.0246877483366385 0.0246877483366386 0.02482000806345092 
1162 0.0237452052010719 0.02402058049507294 0.02402058049507278 0.02393714501617514 
1152 0.02400438727097814 0.02410806037349341 0.02410806037349351 0.02410918798868409 
1142 0.02338208954748998 0.02345981769228637 0.02345981769228639 0.02355021865301463 
1132 0.02425599429714905 0.02407520971549442 0.02407520971549451 0.02365128569086823 
1122 0.02428891261544469 0.02439715828804481 0.02439715828804487 0.02447222960817298 
1112 0.02487353544958026 0.02450717106041923 0.0245071710604193 0.02447820936736679 
1102 0.02617802519326634 0.02620948450610401 0.02620948450610411 0.02633578100147313 
1092 0.02542501943646513 0.02551774568566769 0.02551774568566764 0.02554471148371232 
1082 0.02675668058530515 0.02722683754414935 0.02722683754414927 0.02727414264403392 
1072 0.02736629328302049 0.02847527331526832 0.02847527331526823 0.02834187215417064 
1062 0.02730267157378168 0.02739954608789406 0.02739954608789414 0.02734242014409811 
1052 0.0278306139309372 0.02800194743689581 0.02800194743689592 0.02778608115777859 
1042 0.02781345481788293 0.02783791197951895 0.02783791197951901 0.0271935537615338 
1032 0.02731282948819096 0.02748303827956891 0.02748303827956896 0.02750786320030113 
1022 0.02733094873717891 0.027490858747732 0.02749085874773192 0.02751235184704871 
1012 0.02623706675046904 0.02642949506872892 0.02642949506872899 0.02642604280313164 
1002 0.02629231425315674 0.02639381598204799 0.02639381598204803 0.0263388814485762 
992 0.02635936232345907 0.02646603122105701 0.02646603122105707 0.02643607787900011 
982 0.02666678922229976 0.02671326327042192 0.02671326327042198 0.02676707564616316 
972 0.02725883402607081 0.02721149958476047 0.02721149958476083 0.0272620525514525 
962 0.03031267142907612 0.03040171283295864 0.0304017128329587 0.03087099126579761 
952 0.03020615806605181 0.03055201461925743 0.03055201461925727 0.03054554564347405 
942 0.03263105318903175 0.03292773691530961 0.03292773691530943 0.03294456567853228 
932 0.03167623957799655 0.03175931062527539 0.0317593106252755 0.03163833333927429 
922 0.03268339834405439 0.03276943964964079 0.03276943964964087 0.03273432970754164 
912 0.03056376646668532 0.03092809305256683 0.03092809305256695 0.03097995201795212 
902 0.03065429147857 0.03099459431865512 0.03099459431865512 0.03105252742703512 
892 0.03013945858771468 0.03026337611220615 0.03026337611220611 0.03031995940443822 
882 0.0295000107728412 0.02961323404403787 0.02961323404403789 0.02967488595947658 
872 0.02954563922982114 0.02968227722655349 0.02968227722655339 0.02980348890358963 
862 0.02967702750378047 0.02994717464547336 0.02994717464547334 0.02985454791071047 
852 0.03060052750044258 0.03069468047738524 0.03069468047738526 0.03007303997772332 
842 0.03337583042527612 0.0333817875788172 0.03338178757881721 0.03324304869299643 
832 0.03324857305680325 0.03346265473903302 0.03346265473903293 0.03351993188891537 
822 0.03425237286520898 0.03432854103206487 0.03432854103206485 0.03425147649012618 
812 0.03488415341005114 0.03522809013073492 0.03522809013073467 0.03512152009935499 
802 0.03661150695333718 0.0368878681181415 0.03688786811814145 0.0369874316080767 
792 0.03691898188352626 0.037224483733875 0.03722448373387506 0.03722250010587491 
782 0.03549213424359081 0.03575435291581937 0.03575435291581948 0.03576176449403319 
772 0.03417480198965643 0.03446121597066158 0.03446121597066156 0.03456652645130112 
762 0.0346367712244783 0.03483955398688643 0.03483955398688659 0.03476126667122543 
752 0.03402938293962555 0.03411372000476638 0.03411372000476622 0.03405090115279034 
742 0.03436817509315399 0.03447418270687843 0.03447418270687853 0.03437748684634267 
732 0.03511539609192646 0.03518171276469791 0.03518171276469798 0.03508195759473536 
722 0.03426583693711674 0.0344361425012579 0.03443614250125799 0.03464324595939625 
712 0.03535928981696851 0.03546469194977821 0.03546469194977835 0.03547601492854201 
702 0.03928219318277043 0.03956022086197444 0.03956022086197467 0.03976430414408374 
692 0.04075357771477248 0.04068926248882761 0.04068926248882746 0.04170105280967078 
682 0.04103646184140369 0.04093994405728602 0.04093994405728594 0.04082322014343049 
672 0.04234358475222724 0.04245618680976632 0.04245618680976616 0.04252226015435821 
662 0.03970009242810818 0.04044712746890257 0.04044712746890271 0.04058790390757917 
652 0.03976551346721349 0.03986432562302535 0.03986432562302557 0.03967311362138667 
642 0.03876644130914722 0.03901772145176673 0.03901772145176673 0.03893338502264303 
632 0.03842751457625604 0.03860273424259303 0.03860273424259298 0.03875044509713522 
622 0.03888002503740852 0.03928255394500076 0.03928255394500062 0.03943494731102465 
612 0.04070944074065823 0.0410832197676425 0.04108321976764256 0.04116984829906709 
602 0.04526189566799511 0.04537990577668743 0.04537990577668733 0.0450490385901703 
592 0.04853338305424115 0.0481510797358857 0.04815107973588559 0.04819687251941569 
582 0.0485401283677632 0.04847177807198626 0.04847177807198611 0.04853161799044284 
572 0.05015830859627761 0.05039213963435941 0.05039213963435971 0.05037875991577649 
562 0.04687914833610302 0.04719656903406239 0.04719656903406227 0.0472837346824025 
552 0.04611578750680555 0.04615034312210584 0.04615034312210582 0.04620136303163993 
542 0.04544358058610606 0.04589051011500671 0.04589051011500687 0.04573765875869495 
532 0.04521153517753276 0.04538297163800174 0.0453829716380017 0.04508855793228557 
522 0.04621048340735086 0.04616713064170643 0.04616713064170661 0.04560537088341607 
512 0.0493375697316993 0.04909047657814382 0.0490904765781438 0.04922731511816845 
502 0.05157490272199473 0.05175414713842837 0.05175414713842851 0.04947099761101267 
492 0.05852382317153495 0.05892051782415475 0.05892051782415481 0.05869919418824581 
482 0.05795030812509913 0.0581173658574927 0.05811736585749274 0.05769772640562548 
472 0.05903035102722658 0.05912313569785672 0.0591231356978566 0.05910059229201558 
462 0.05701734689847139 0.05716500514675294 0.057165005146753 0.05666409971258979 
452 0.05514007173280075 0.05535995875098904 0.05535995875098899 0.05523198783810594 
442 0.05478759958844934 0.05496183022441592 0.05496183022441584 0.05498151159009751 
432 0.05475168462555016 0.05482814009547493 0.05482814009547492 0.05479921498989125 
422 0.05556637252677835 0.05624758541050927 0.05624758541050921 0.05626796409327717 
412 0.06470726436665079 0.06501652021525305 0.06501652021525318 0.06510004897926008 
402 0.06855142053703463 0.07079278037192618 0.0707927803719262 0.07076975281771733 
392 0.06859313159710931 0.06881587102044258 0.0688158710204425 0.06894111933824319 
382 0.07289952396483364 0.07300824750382255 0.07300824750382263 0.07308190676830492 
372 0.06996704369476725 0.0709307050774873 0.07093070507748754 0.070845339194906 
362 0.06912604548136234 0.06993898627051434 0.06993898627051444 0.07016625159209691 
352 0.06883159800035042 0.06930949093049087 0.06931126343793599 0.06934676942620643 
342 0.07029340125182622 0.07048052676956257 0.07048052676956279 0.07000117365855112 
332 0.08620732910339368 0.0866392792623084 0.08663927926230822 0.07795352638017959 
322 0.0880557297930448 0.08838362115642794 0.08838362115642827 0.08848180516543164 
312 0.09074964763176678 0.09174099858966851 0.09174099858966843 0.09141677933126409 
302 0.09041802729838126 0.09078008137018451 0.09078008137018502 0.091146805336732 
292 0.09084329419157763 0.09065068134533613 0.09065068134533626 0.08706189324756809 
282 0.08834421274370792 0.08865195651086501 0.08865195651086499 0.09064310026642616 
272 0.09098629906332042 0.09066949972522788 0.09066949972522781 0.09069075670106511 
262 0.09780587087057599 0.09837842551736801 0.09837842551736796 0.09879166385547197 
252 0.1174075685037449 0.1170321445134244 0.1170321445134242 0.1170390841397718 
242 0.1194885943236397 0.1197841620698573 0.1197841620698573 0.1197594654531086 
232 0.1286040978221304 0.1290329789026833 0.1290329789026836 0.1284058055647089 
222 0.1255249736930979 0.1279930769917611 0.1279930769917615 0.128208800306039 
212 0.1185834403528013 0.1189774226324486 0.1189774226324485 0.1183175930794382 
202 0.1205418124845695 0.1209954883300784 0.1209954883300784 0.1208652596415012 
192 0.1583186046196793 0.1446626946577267 0.1446626946577267 0.1593382473145631 
182 0.1704930649354243 0.1703922501621571 0.170392250162157 0.1704993478847768 
172 0.1999785003645531 0.2009450367452246 0.2009450367452249 0.2002635539965787 
162 0.1823672061405673 0.182862093992608 0.1828620939926082 0.1817359978155044 
152 0.1752689150229268 0.1762136138414117 0.1762136138414117 0.1761574289290795 
142 0.1916219216702106 0.2063157560319001 0.2063157560319002 0.206721025576061 
132 0.2584663232353964 0.2591667410032996 0.2591667410032995 0.2602132545993618 
122 0.3018490297878967 0.3047131150458638 0.3047131150458644 0.3046597824549511 
112 0.2960459545801843 0.2966016786972647 0.2966016786972649 0.2967389072205825 
102 0.2882516411345958 0.2895033484990024 0.2895033484990026 0.2900873242186867 
92 0.3281405641204567 0.328808026438944 0.3288080264389441 0.3304147069000346 
82 0.4183951945868256 0.422801569898782 0.4228015698987828 0.4212614603023682 
72 0.4731012148133398 0.4736007422287999 0.4736007422288001 0.4746818719881555 
62 0.458271646991042 0.4595960383481977 0.4595960383481981 0.4595338981316867 
52 0.5216131201589871 0.5238156304314554 0.523815630431455 0.5253127549900646 
42 0.6474976618865049 0.6456916732850975 0.6456916732850975 0.6471081729825326 
32 0.7124317312329219 0.7284322268739434 0.7284322268739434 0.7279668408648311 
22 0.7026468402831292 0.7050484260244353 0.7050484260244354 0.7056531291856658 
12 0.8234569899202974 0.8255331859148968 0.8255331859148966 0.827487067007359 
2 0.7742547007571667 0.7759084032958139 0.7759084032958139 0.7761980808853542 
