1272 0.1657838793112205
1262 0.1659074549772221
1252 0.1660060384019407
1242 0.1664313622000372
1232 0.1664476909191059
1222 0.1656551416991745
1212 0.164491209251714
1202 0.1640969745664804
1192 0.1635768540548715
1182 0.1630511111480032
1172 0.1627235992986014
1162 0.1621548214023663
1152 0.1618832678917783
1142 0.1617832235969324
1132 0.161851104916908
1122 0.1619574929943292
1112 0.1619650223712806
1102 0.1609840745646129
1092 0.1608354606204979
1082 0.1603818774854646
1072 0.1601742508773027
1062 0.1593655116069488
1052 0.1593143256208659
1042 0.1593718667145147
1032 0.159103059141291
1022 0.1587555063174255
1012 0.1583084601996048
1002 0.1582160483982647
992 0.1578919550330214
982 0.1570432481585519
972 0.156978067728514
962 0.1575125046814435
952 0.1579281405003533
942 0.158021255470278
932 0.1591941817396284
922 0.1604951643788777
912 0.1602495846785599
902 0.1605405872776958
892 0.1604012990003034
882 0.160151915600398
872 0.1597666306062118
862 0.1598906586795766
852 0.1599988995635496
842 0.1601412539879698
832 0.1610316094809644
822 0.1628895728577231
812 0.1628331121850382
802 0.163265032271754
792 0.1634163285755224
782 0.1641047306145499
772 0.1649980085803416
762 0.1654442497859989
752 0.1656919893599366
742 0.1658448286312924
732 0.1664611748436147
722 0.1676247662905918
712 0.16734094998043
702 0.1662877710358787
692 0.1660237185560291
682 0.1666730365426952
672 0.1669318989841927
662 0.1671086312629348
652 0.1673161579550527
642 0.168128733292619
632 0.1690482411255392
622 0.1689043203734989
612 0.1688460453012948
602 0.1683387530898914
592 0.168236873701676
582 0.1684023367751488
572 0.1675642527505906
562 0.1668885546147945
552 0.1660856383157006
542 0.1648307846154194
532 0.1642040904966549
522 0.1640494015967744
512 0.1653410392273376
502 0.167502565226253
492 0.1679849306792861
482 0.1683883812610396
472 0.1673423752781013
462 0.165294769937213
452 0.1637968947428284
442 0.1640388560041864
432 0.16659543636725
422 0.166885251203458
412 0.1689106450284461
402 0.1701168614691364
392 0.1689953806631812
382 0.171337479803849
372 0.1738010933654763
362 0.1764070462022785
352 0.1778273266926772
342 0.1789195930246712
332 0.178256375614332
322 0.1749205820940876
312 0.1785780733967991
302 0.1815085639763286
292 0.1816282108203178
282 0.1829435007872965
272 0.1820611485157293
262 0.1781984799159889
252 0.1773495200439407
242 0.1719125165653641
232 0.1605820927226101
222 0.1527446743548499
212 0.147642470500137
202 0.1447727962483659
192 0.1370269049280773
182 0.1177078773356237
172 0.1042875616707372
162 0.09102934202930489
152 0.07105930972953718
142 0.05258025404569716
132 0.04375277140854098
122 0.04407205879997316
112 0.03067128420688914
102 0.02510247132073899
92 0.02485898796919975
82 0.05055225121116146
72 0.06987042478289271
62 0.1054897703702643
52 0.14831377553942
42 0.2179806117929491
32 0.2916065615400708
22 0.462627837385585
12 0.7567730991988755
2 0.9488553685503831
