1272 0.240023142911245
1262 0.2405369326313008
1252 0.2415573961615056
1242 0.2439081058858769
1232 0.2453416251290296
1222 0.2436497430430574
1212 0.2418178647687786
1202 0.2414306384098961
1192 0.240741216582867
1182 0.2393602130617424
1172 0.239269236400617
1162 0.2372371178358888
1152 0.2371424931567443
1142 0.2372334598227379
1132 0.2376325273116026
1122 0.2377500621105525
1112 0.2385160008432821
1102 0.235767072554427
1092 0.2359317461148817
1082 0.234344729842047
1072 0.2340754639604243
1062 0.2319722611537884
1052 0.2323985646027958
1042 0.2328667261209571
1032 0.2322008168853933
1022 0.2318494283802757
1012 0.2311863040090513
1002 0.2310510520129508
992 0.2303316908985102
982 0.22785472439853
972 0.226694608155921
962 0.2286722917822993
952 0.229562593228648
942 0.2279070442265004
932 0.2297707548858689
922 0.2321256627807708
912 0.2309663232021879
902 0.2314189151544199
892 0.2304708404798744
882 0.229136095516789
872 0.2278732675238235
862 0.228476902423181
852 0.2289805247739144
842 0.2283456470741235
832 0.2300267203509204
822 0.2332256023281548
812 0.2312462289972342
802 0.2316994578822583
792 0.2297350994905599
782 0.2295926493990374
772 0.2300580591685381
762 0.2304271662967841
752 0.2308691382567471
742 0.2302853431609485
732 0.2315234579337064
722 0.2328601625934565
712 0.23249203410857
702 0.2282987153079197
692 0.2278043175667829
682 0.2285920634791267
672 0.2282194837442734
662 0.2289250618012214
652 0.2297910271997581
642 0.2321007538036879
632 0.2337863208075227
622 0.2329726080476167
612 0.2341124885094363
602 0.2324923722677145
592 0.2334695998906394
582 0.2344230524280771
572 0.2345289565664045
562 0.2367532539590656
552 0.2376236109064411
542 0.2376380038092865
532 0.2376258296698293
522 0.236739465852699
512 0.240893505529939
502 0.2462735934077321
492 0.2454876256365055
482 0.2483167218663265
472 0.2493295624248708
462 0.2475702083644611
452 0.2460848567128174
442 0.2476227662964437
432 0.2520439305479718
422 0.2530841919061178
412 0.2580196317860542
402 0.2583971217679321
392 0.2556364071592176
382 0.2599279363599463
372 0.2645019279410423
362 0.2695156406659189
352 0.2729533222614998
342 0.2755367747470253
332 0.2716809488919792
322 0.2657812436040929
312 0.2735338229009636
302 0.2808667105277911
292 0.2777452999038548
282 0.2776879804166097
272 0.2719333235146084
262 0.2618875813199011
252 0.2615725673238478
242 0.2535256263700996
232 0.2334625989942935
222 0.2143600253544821
212 0.1982366329735915
202 0.1930956148477159
192 0.1757869056768561
182 0.1450932061020953
172 0.1275197020213488
162 0.1118933103310234
152 0.09034209655344785
142 0.08669577871926391
132 0.09219203987050473
122 0.07775757219683424
112 0.05615814943431535
102 0.05321165559433409
92 0.0506031692082257
82 0.1017261639641157
72 0.128556297570906
62 0.1924693977342034
52 0.2578458713954777
42 0.3541342150594065
32 0.3949837311841998
22 0.5114074292375962
12 0.7732136170486497
2 0.9564724325406823
