1272 5.1123587644113
1262 5.120121125372832
1252 5.130154883940461
1242 5.143233082801383
1232 5.160065500680173
1222 5.150422387811843
1212 5.148057278246188
1202 5.140291719988814
1192 5.132367039054189
1182 5.127897942927526
1172 5.124767610415931
1162 5.115953626104464
1152 5.107919405871276
1142 5.109227234911922
1132 5.113328391549338
1122 5.111808781377666
1112 5.117103416928335
1102 5.11646018261898
1092 5.114238247020999
1082 5.11237603373043
1072 5.123728179401644
1062 5.130590670962728
1052 5.118659268346692
1042 5.114173883754841
1032 5.100500972065361
1022 5.094468602583516
1012 5.091275519794969
1002 5.087462407036401
992 5.089027015906085
982 5.082836542469279
972 5.098587393577321
962 5.08251527131378
952 5.092181546373377
942 5.102050461694867
932 5.102598639131168
922 5.094814766197228
912 5.084800204029026
902 5.080873884492692
892 5.074477511304672
882 5.075525409251858
872 5.056971852487287
862 5.05984492144089
852 5.070691534508271
842 5.080235194216926
832 5.100932010112075
822 5.116353824125553
812 5.095497436031735
802 5.105844992443766
792 5.103230725001403
782 5.105677357460665
772 5.086383932109392
762 5.08029678924072
752 5.087463209950363
742 5.089420329224976
732 5.091463109231593
722 5.122514641374933
712 5.122450166839559
702 5.155072253440874
692 5.153262507247701
682 5.152395782018371
672 5.153102616224416
662 5.163186877060594
652 5.135227747827408
642 5.122029596925795
632 5.14440846137864
622 5.15336046736647
612 5.151999249065399
602 5.193180057020564
592 5.219911068340337
582 5.215667618571875
572 5.209605158816192
562 5.192884503063905
552 5.17949051655323
542 5.202057495345159
532 5.204215213453918
522 5.21551222541278
512 5.258343292014736
502 5.330091743765749
492 5.304350653204567
482 5.286875989929329
472 5.29349750869611
462 5.289378145477194
452 5.33103487271469
442 5.307521167613571
432 5.36643465279001
422 5.394098450410032
412 5.376388310164224
402 5.438594048619277
392 5.443323131110176
382 5.479869104209243
372 5.423243522092019
362 5.451437374756634
352 5.466208850601614
342 5.46971856494189
332 5.488380337492868
322 5.422590006301457
312 5.469128072793306
302 5.606428896806175
292 5.551056649338658
282 5.466309947173752
272 5.451490139893654
262 5.309014267241938
252 5.324939502524771
242 5.377046367729415
232 5.398651086627601
222 5.576532862724907
212 5.192601581747148
202 5.162145649608015
192 5.397324944261414
182 5.701238416995745
172 5.718728829904309
162 5.312911294901228
152 5.393968157906966
142 5.503001533022751
132 5.604121905798737
122 6.50740811688253
112 5.606352955531476
102 5.896691585222535
92 6.103581998325076
82 6.23156243840956
72 6.654961062641354
62 6.369463448871083
52 7.770645508886359
42 8.821889145565418
32 7.346782915949657
22 7.330006254391267
12 2.788404563994083
2 0.9832423844269557
