1272 3.828944446204694
1262 3.842908006326911
1252 3.872900614242306
1242 3.907607070544916
1232 3.933051673759927
1222 3.905906741399778
1212 3.925904970468951
1202 3.908434498415447
1192 3.899252542819692
1182 3.882168504150055
1172 3.876378532086425
1162 3.872103523630106
1152 3.863416610055287
1142 3.865519859356215
1132 3.879580741849328
1122 3.883910526058459
1112 3.88622829478534
1102 3.877646408254461
1092 3.880409967562196
1082 3.850226471661069
1072 3.858825025201732
1062 3.835333524505967
1052 3.854217285767099
1042 3.859654011503558
1032 3.842774551146074
1022 3.83670465853424
1012 3.831947239349232
1002 3.822037767892568
992 3.810506423257495
982 3.801132860434652
972 3.804990898144242
962 3.764996349142428
952 3.785658946551751
942 3.766862693899465
932 3.797520515622816
922 3.793538848157763
912 3.770997995007445
902 3.771481345337706
892 3.743823325817334
882 3.743761625555712
872 3.708933993194103
862 3.71019181881528
852 3.704688879823558
842 3.709913553638315
832 3.744400812761655
822 3.770261961610993
812 3.730014559110086
802 3.734962274908722
792 3.717835922658839
782 3.724606431327912
772 3.702481098806689
762 3.69463433673215
752 3.698811113607992
742 3.718296065749715
732 3.743679306022356
722 3.793654474245709
712 3.777937188112294
702 3.768217704891402
692 3.755356227635219
682 3.781279532418359
672 3.776208351698676
662 3.779163690274991
652 3.791845144495763
642 3.798254289361653
632 3.821182872729117
622 3.817258291305068
612 3.782894699385038
602 3.815291845896955
592 3.845539611901436
582 3.844361146465808
572 3.837840686283446
562 3.839570797038065
552 3.800711100609722
542 3.82693878309238
532 3.812896153932519
522 3.833358932065121
512 3.903294909618543
502 3.899484001287046
492 3.961541239182833
482 3.943579181654404
472 3.91832493084942
462 3.970360096782386
452 4.036200795011514
442 4.083950129817655
432 4.178225713073433
422 4.283894183823586
412 4.255298600600477
402 4.333342433285148
392 4.36291846289318
382 4.460388382836499
372 4.525923639130887
362 4.634664175182374
352 4.69007154153102
342 4.651193738987743
332 4.705393864036434
322 4.639294512144772
312 4.739383737107108
302 4.786093801076954
292 4.825921073566925
282 4.581714772412131
272 4.550153867903411
262 4.326910550060774
252 4.22506674936213
242 4.08960655624264
232 3.902151144686366
222 3.781034678410956
212 3.489343498086076
202 3.588479014338561
192 3.979301245036949
182 4.531425030052746
172 4.873390677526354
162 4.512960626878577
152 4.773961792386003
142 4.731251633124056
132 5.053961204144278
122 4.879009172432744
112 3.943682872137302
102 4.148846985069961
92 4.937532802187738
82 6.006775174737204
72 7.097967296172977
62 5.786734322125842
52 7.056606852398782
42 7.028136204613131
32 5.491916713870094
22 5.59525367336412
12 2.219440012843496
2 1.027694434082016
