1300 0.1310895522430022
1290 0.1307619102627064
1280 0.1356680316309938
1270 0.1362357766978273
1260 0.1355986185937511
1250 0.1365150554250552
1240 0.1384644120569419
1230 0.1387259569757694
1220 0.1406751116238775
1210 0.1394439094087666
1200 0.1399640085579053
1190 0.1409972817086322
1180 0.1418431939837775
1170 0.1423013170806109
1160 0.1475812705387489
1150 0.1514329587709554
1140 0.1528812310737349
1130 0.1530235275269103
1120 0.1522003366816726
1110 0.1540896822075283
1100 0.1531963959218792
1090 0.1531652316529598
1080 0.1528736907448053
1070 0.1533989420796451
1060 0.1558699472406152
1050 0.1581320607837141
1040 0.1657074653410046
1030 0.1657016896683873
1020 0.157041641457867
1010 0.1702369057463832
1000 0.1634007237996362
990 0.1742824074279195
980 0.1785780695750803
970 0.1789012312088564
960 0.1808495334820013
950 0.1643402265818307
940 0.1737357371996978
930 0.2045337135240242
920 0.1772965794858192
910 0.1767278319083999
900 0.1781223787750169
890 0.1807370634323367
880 0.2000250967902462
870 0.2029058038752335
860 0.2024019467071543
850 0.203589898630619
840 0.2055207517008113
830 0.2472600096611488
820 0.2415731327434258
810 0.2203435907269671
800 0.3816852201327616
790 0.6389375771525132
780 0.2146390324447121
770 0.2201141760409706
760 0.2243939564240897
750 0.3468179132475482
740 0.3469644135948709
730 0.3727033689663518
720 0.2596285409523413
710 0.3064424587238591
700 0.2153409908169716
690 0.2173573240342878
680 0.2187167392428252
670 0.2365279694534644
660 0.2281715855272501
650 0.2355499650478181
640 0.2386674078564288
630 0.2324671720870934
620 0.2923491087772513
610 0.2457761332269494
600 0.2388408036875449
590 0.2969478620386278
580 0.336563295562487
570 0.3387580266323284
560 0.3407358047787224
550 0.4076401988588252
540 0.4401267226370928
530 0.346425326559353
520 1.452321222475573
510 0.6723244441094134
500 0.5677254439758345
490 0.5739329909977494
480 0.7925107279559257
470 0.5131535316822681
460 0.4657737153059933
450 1.408878822841192
440 0.3796517803872844
430 0.3667996532893724
420 0.406392556742545
410 0.5629269846877324
400 0.3702007615089565
390 1.141853707871497
380 0.87598673904729
370 0.6001965095028046
360 0.6467482137538998
350 1.496471076617871
340 2.295846292260693
330 2.020622439891648
320 3.97213187759283
310 17.52091737237197
300 25.15200993417565
290 27.581563139734
280 27.99402271649251
270 25.3511379752908
260 24.54446044106735
250 100.9206467637493
240 23.9962629288854
230 23.98085104701152
220 80.60153277412492
210 179.0429207056493
200 79.56111979690139
190 590.696736497703
180 636.3385842713523
170 629.1176381009229
160 831.3575618383505
150 708.9567468783291
140 729.9250295947646
130 213.9656807598109
120 451.6947852324682
110 1985.075183507561
100 553.0028134209036
90 181.2908256168919
80 44.00189346760249
70 30.36021322262687
60 24.81088102522834
50 28.04781958017413
40 20.44413812328682
30 3.776671138758107
20 1.06838224479033
10 0.9665859473600273
