1300 0.2303037574407537
1290 0.2273399093126324
1280 0.2370904278336932
1270 0.2486059241021541
1260 0.2288665617680158
1250 0.2282596968583471
1240 0.2261398331459296
1230 0.2288849103799313
1220 0.2313867890652755
1210 0.2303410147369564
1200 0.2352247355200274
1190 0.2357540797507657
1180 0.234608106020726
1170 0.2317235824886581
1160 0.2336568576666355
1150 0.2343250307546798
1140 0.2354227505976411
1130 0.2381221017329049
1120 0.243731501246371
1110 0.2450649794612527
1100 0.2442209968743832
1090 0.2455118845946075
1080 0.2423830540170284
1070 0.2405451030723851
1060 0.2444561938334568
1050 0.2454432349309332
1040 0.253894587731995
1030 0.251038770621204
1020 0.2374062695508893
1010 0.2804344796682356
1000 0.2622530319286694
990 0.2496325080267388
980 0.2689446906003962
970 0.2669332432603588
960 0.2554340706525272
950 0.259707068538971
940 0.2641634090635488
930 0.3399669228325365
920 0.267579299250128
910 0.2495559285399323
900 0.263482215180621
890 0.2630449607001714
880 0.2658028497939189
870 0.2667745284505394
860 0.2577242828371221
850 0.2586888434067655
840 0.3014091766415348
830 0.3160647679812978
820 0.2963404074432808
810 0.3612554164254598
800 0.6060149659575903
790 0.8274899513541486
780 0.4214566061421847
770 0.4018712104428765
760 0.4148443745451176
750 0.5804703130220566
740 0.6164711735054189
730 0.9015737914488123
720 0.5714134084441543
710 0.6735272169994907
700 0.2607333991405852
690 0.2659515952550239
680 0.2678262520331475
670 0.3763797429681358
660 0.2740775020968123
650 0.2917394163660021
640 0.2961746217353368
630 0.2809984340578485
620 0.3861250549251095
610 0.3697959977506452
600 0.2980532300736243
590 0.3822282568383096
580 0.4136361969065094
570 0.4192597846847347
560 0.4108902542999916
550 0.5204853211047451
540 0.9199196305413834
530 0.7782701368832574
520 1.434298480002035
510 1.229904242638388
500 1.223301353926592
490 1.255797876440349
480 0.9251031918198737
470 0.518961740604325
460 0.7501586230330923
450 2.41182918236519
440 0.5786510452125821
430 0.5697492277835461
420 0.585061439907036
410 0.9850616572466226
400 0.4379517007231936
390 2.486712740683258
380 1.45862329079324
370 0.6994204664480714
360 0.8117111271023897
350 3.111985012030114
340 5.049773356491503
330 2.286933940292497
320 8.598487313206025
310 36.83296306571989
300 54.17767876628079
290 59.7496296935425
280 60.52354985992734
270 49.43093050432181
260 47.52539306026676
250 211.1963977577521
240 48.20148221091481
230 48.28089044600915
220 132.3671578566919
210 333.104371857249
200 83.04088716367937
190 791.2257411763187
180 799.6802423489924
170 793.8782264072328
160 1044.362785231024
150 1026.16130593983
140 1025.442683199648
130 305.4604042203709
120 746.9822010831687
110 2085.391824020071
100 1003.417411388308
90 359.9926325389761
80 92.9967993197686
70 60.61572255529792
60 49.10748136749179
50 45.97626924888409
40 45.63888046740584
30 6.464128926518788
20 1.772491067687394
10 0.9969613833771096
