1300 0.05098158730537276
1290 0.05083279074003065
1280 0.05271338387733788
1270 0.04523992028678406
1260 0.04949431919945938
1250 0.04943216230091917
1240 0.04607502110565719
1230 0.04900350175284435
1220 0.05256543710042023
1210 0.05215833688535098
1200 0.05253225798018055
1190 0.05238938448513323
1180 0.05208270831974747
1170 0.05028488732596431
1160 0.04647607486640418
1150 0.0599344418164154
1140 0.05704873419025167
1130 0.05854725026684351
1120 0.04618634770110705
1110 0.04039277825731526
1100 0.04378864641252635
1090 0.04993777856941656
1080 0.04888684730215204
1070 0.05494876208595531
1060 0.05534263601661731
1050 0.05308368467617641
1040 0.08268232382692312
1030 0.1036013255549119
1020 0.04723973558608929
1010 0.07411524041404133
1000 0.05087382227301215
990 0.1773399654998526
980 0.2249564994120465
970 0.2246280325594186
960 0.2064193199415168
950 0.04406357051963061
940 0.120698271531638
930 0.5193443247716975
920 0.2019828685089285
910 0.1762527538727321
900 0.1657961610102515
890 0.1871755698528476
880 0.3275456531973716
870 0.3251282012322597
860 0.3136337139152715
850 0.3255327339332182
840 0.2500728633200207
830 0.4978619712035141
820 0.4502288735198305
810 0.4406216361236924
800 1.26069321889081
790 1.456562284965767
780 0.6282274282711361
770 0.5632172661369717
760 0.5742838611576901
750 0.8299976839759243
740 0.8306357535154747
730 1.175623437587769
720 0.6012278452950299
710 0.752455489261134
700 0.1438653216660215
690 0.1340006249618708
680 0.1378119033259038
670 0.1954591442285935
660 0.07589327120365533
650 0.07422166089236418
640 0.07692540077742421
630 0.1435518228829908
620 0.5054631805547082
610 0.1909007576905826
600 0.06426133687892667
590 0.4483732818328657
580 0.7773155561140596
570 0.8063518454456553
560 0.7783283282298524
550 0.9139459849256026
540 1.576460376546595
530 1.407487552683927
520 3.394736190345193
510 1.566541485693036
500 1.290350404906002
490 1.287753522472753
480 2.198538874147581
470 1.012397479634665
460 1.042974067432397
450 4.700121363967199
440 0.759036386280711
430 0.7638428887825155
420 0.8178595086237086
410 2.286728139359791
400 0.4482993390701313
390 4.45630195909643
380 2.710341398574257
370 1.176481268913395
360 1.388382033898741
350 8.031593068714075
340 13.24691359427867
330 5.569082222282219
320 22.9598204536405
310 102.9003651555451
300 149.6402074824087
290 165.4116591587824
280 168.125353913753
270 130.2171523166287
260 125.47379936899
250 580.2068389327842
240 130.8489921076902
230 130.8111700842588
220 357.2371989700649
210 903.4588391024542
200 227.9228284110758
190 2113.475344353197
180 2129.228976001303
170 2115.455240838246
160 2824.572567983225
150 2766.512134276039
140 2759.942166829226
130 782.8031173909577
120 1981.608508173144
110 5738.92750301718
100 2634.245572750212
90 863.1973156381151
80 202.8893327754867
70 140.9481437328734
60 111.9565325196895
50 110.2258410445911
40 123.5857178927863
30 13.45449209537357
20 2.65154275693998
10 0.9817258136545975
