1300 0.03885035945293967
1290 0.03822455349855827
1280 0.03900474423919851
1270 0.02974098487883258
1260 0.03781668148582847
1250 0.03688244898918103
1240 0.03221421575844868
1230 0.03518028208563226
1220 0.03772361763546061
1210 0.035749106659596
1200 0.03542658670454488
1190 0.03520497099711562
1180 0.03496478518373468
1170 0.03468221352456785
1160 0.02926739318203145
1150 0.03187625223568539
1140 0.03379369426852682
1130 0.0364912932543049
1120 0.03057177631771191
1110 0.02821907094596035
1100 0.02959988185888516
1090 0.031317258173102
1080 0.0309013479114507
1070 0.03228238811478931
1060 0.03241299541520087
1050 0.03479206101724149
1040 0.04716785021082245
1030 0.04661237965068125
1020 0.02480512612849154
1010 0.04860100481902322
1000 0.02878590733899175
990 0.06966881344263863
980 0.09341286663981326
970 0.08552119285471524
960 0.08419673035506597
950 0.02868688769275607
940 0.03956573102069678
930 0.1513793392145115
920 0.05727930857905161
910 0.05921729659546588
900 0.0477968865403377
890 0.05023972460212751
880 0.103234284293995
870 0.1098598098221967
860 0.1062319174911073
850 0.1057125272926797
840 0.09631259268348837
830 0.2058786187993436
820 0.1901515253221244
810 0.1550636388815785
800 0.4866312448226467
790 0.8871861624737509
780 0.162009286853684
770 0.1599322390593697
760 0.1649258739122142
750 0.3905029998664296
740 0.3846930422920535
730 0.4513405629796872
720 0.2176986198468275
710 0.3197671969035631
700 0.04735605806590609
690 0.03915630525041896
680 0.05075879346390828
670 0.07329622455379693
660 0.03430042217134568
650 0.03800230479915916
640 0.03735280530480481
630 0.06491903322442134
620 0.2264785506183997
610 0.06430976970567284
600 0.03284795425534043
590 0.2033785430790682
580 0.2919068707026188
570 0.2957338932627195
560 0.2914890347392181
550 0.428972163021323
540 0.5217139134892327
530 0.3643853645654612
520 2.121814315836195
510 0.862774469853219
500 0.6638365411492894
490 0.6666067236132213
480 1.060883302786328
470 0.6101102975420114
460 0.4939624372646099
450 2.004467728671869
440 0.2629694954931728
430 0.2463833136495462
420 0.2662735571172089
410 0.6624052821173663
400 0.256845586776306
390 1.554503854699779
380 1.13372174192092
370 0.6342380243264878
360 0.6705895549149115
350 2.103504262303767
340 3.404672416053012
330 2.958002762308463
320 6.049639144597367
310 25.90200106741886
300 37.66158904309218
290 41.74127696643837
280 42.4281783538569
270 39.0241213444611
260 37.88996667614672
250 155.7264416487153
240 36.76076175303876
230 36.72612961969712
220 124.6132250747671
210 277.9492193078991
200 123.3853824372703
190 920.4614041211054
180 990.0474449379246
170 977.9271819419474
160 1298.894224335787
150 1110.321849164366
140 1141.219362652849
130 334.7395210150183
120 708.9510200173056
110 3099.764012255281
100 863.1476656904691
90 283.0953389264461
80 68.50127237711122
70 49.21871425369303
60 37.90589201807309
50 43.38106939767385
40 32.79965248188373
30 5.684640390256677
20 1.293710922731512
10 0.98283813587827
