1300 0.053036732020489 
1290 0.05292063952855391 
1280 0.05522594625050932 
1270 0.06431661856120252 
1260 0.06494332923002784 
1250 0.0690408037750915 
1240 0.0687815148114586 
1230 0.06998939288885564 
1220 0.06772785192748625 
1210 0.0640878844069602 
1200 0.06282959724846833 
1190 0.06315298651389976 
1180 0.0641330611180617 
1170 0.06213758213738761 
1160 0.06161741094570669 
1150 0.0645554371379425 
1140 0.06363656909021084 
1130 0.06359558940365007 
1120 0.06381156164583034 
1110 0.06117504347653815 
1100 0.0606475997504391 
1090 0.06292765217641151 
1080 0.06174928621413603 
1070 0.06078631438084712 
1060 0.06011135257597425 
1050 0.05975356225310111 
1040 0.05958273337573286 
1030 0.06386349500908947 
1020 0.06304921093921785 
1010 0.06547183303539185 
1000 0.06900172034738017 
990 0.0769741185624309 
980 0.07635735373147448 
970 0.07216209081532665 
960 0.07233926968881083 
950 0.07086520250555274 
940 0.07177006954714178 
930 0.07199137762861152 
920 0.07459208820744234 
910 0.07617236854491373 
900 0.0762400556704699 
890 0.07716874878997777 
880 0.07141427538918865 
870 0.07141427538989151 
860 0.07462340289974469 
850 0.07451742664745722 
840 0.0745903252510912 
830 0.07468042725903631 
820 0.0746804684099464 
810 0.07489241088564619 
800 0.07505733821854806 
790 0.07624539236382079 
780 0.07744398867814969 
770 0.08006711819951289 
760 0.08109856056742493 
750 0.08675383341120221 
740 0.0883421733523742 
730 0.08899875057224395 
720 0.09087788837218572 
710 0.09278784443723645 
700 0.09300948983963399 
690 0.09685664931279114 
680 0.0954160587396484 
670 0.110966467138225 
660 0.1087176176907945 
650 0.1051995936650126 
640 0.09404842178788007 
630 0.09914361713611651 
620 0.0980984105667263 
610 0.08800925720387964 
600 0.0969663205578665 
590 0.09674499982899011 
580 0.1071136065923221 
570 0.1139727826858158 
560 0.1056291970884465 
550 0.1080131165383705 
540 0.1086157786601552 
530 0.1154783961551916 
520 0.120474110870229 
510 0.1273517094176153 
500 0.1304281648292835 
490 0.1311121217297165 
480 0.128704449828703 
470 0.1253148711160165 
460 0.1288156924811601 
450 0.1423307732134335 
440 0.1371315681385089 
430 0.1323881393697855 
420 0.1315007259585231 
410 0.1322517931091502 
400 0.1350664704172652 
390 0.1356358178566261 
380 0.1444917183829393 
370 0.1538764754412381 
360 0.1492976615113218 
350 0.1640277544633325 
340 0.1663801807132158 
330 0.1954739706206352 
320 0.1912657275508274 
310 0.2538126159147853 
300 0.2170354865840819 
290 0.2603389754765252 
280 0.2309866039110665 
270 0.2409660691047646 
260 0.2426975063937726 
250 0.2142640359490071 
240 0.244236966739389 
230 0.2442341039931443 
220 0.266652774455135 
210 0.2510834409577684 
200 0.2775637839225435 
190 0.3750450715422532 
180 0.4057981936665443 
170 0.3984307916982581 
160 0.3979005070332581 
150 0.4408061680533208 
140 0.397097581637615 
130 0.498892290478056 
120 0.4010453127070379 
110 0.4130996551782382 
100 0.4686523754926005 
90 0.5526172056257946 
80 0.4945215614164391 
70 0.5768770554722642 
60 0.5855758776714036 
50 0.6887059719432385 
40 0.719557999557231 
30 0.7115618988141312 
20 0.766833051103038 
10 0.7805377655812693 
