1300 0.1195797784783032 
1290 0.120135853598693 
1280 0.1208984731199389 
1270 0.1216435886714701 
1260 0.1223834649807689 
1250 0.12337210618093 
1240 0.1243311761372812 
1230 0.1252483704669594 
1220 0.1261339520034435 
1210 0.1269666317481578 
1200 0.1275515009403614 
1190 0.1281273308482605 
1180 0.1289532189351112 
1170 0.1297578560681826 
1160 0.1304785619884903 
1150 0.1310994611328375 
1140 0.1315750109997005 
1130 0.1320323831069091 
1120 0.1324322374318456 
1110 0.1327730398692823 
1100 0.13325469677173 
1090 0.1336228699398874 
1080 0.1342073160317863 
1070 0.1346901945515427 
1060 0.1359202553359924 
1050 0.1363516638731453 
1040 0.1370581054573475 
1030 0.1376333262902354 
1020 0.1384854046669722 
1010 0.1394226729206056 
1000 0.1410894800390794 
990 0.1421317502038734 
980 0.1435426934098487 
970 0.1450781794580683 
960 0.1467643327033549 
950 0.1486826212967782 
940 0.1499184622719153 
930 0.1511682841875635 
920 0.152197553666318 
910 0.1532656160980181 
900 0.1542623504489356 
890 0.1551981493050014 
880 0.1560572964089975 
870 0.1566256651980752 
860 0.1578322637138146 
850 0.1589057436472443 
840 0.1595497346779671 
830 0.1601263487838124 
820 0.1607351254374073 
810 0.1613108283582796 
800 0.1620020182640687 
790 0.1630514464624772 
780 0.1647176133535417 
770 0.1661780738201805 
760 0.1679845601753313 
750 0.1698618027770765 
740 0.1731257331147869 
730 0.1746759809219625 
720 0.1761480809257601 
710 0.1779740973702878 
700 0.1800095767469537 
690 0.182049814935724 
680 0.1837950218311823 
670 0.185564425085481 
660 0.18715995129075 
650 0.1890925603945069 
640 0.1908234441131272 
630 0.1919973439466378 
620 0.1933554427926636 
610 0.1946116567426097 
600 0.1964180359927886 
590 0.1980729238120734 
580 0.2002654016790878 
570 0.2041093825273418 
560 0.2068934161530795 
550 0.20840318929796 
540 0.2100635337771125 
530 0.2133406440083959 
520 0.2161210433219323 
510 0.2196411264817377 
500 0.2231282783570639 
490 0.227174071107666 
480 0.2312809045257399 
470 0.234201664050734 
460 0.2375758961493058 
450 0.2409905003614361 
440 0.2444618075108363 
430 0.2474594601727169 
420 0.2533156839902134 
410 0.2577417116356478 
400 0.259811630548906 
390 0.2624644087488459 
380 0.2662775693246546 
370 0.2707290349505351 
360 0.2754045492813668 
350 0.2819077849710324 
340 0.2903192421126241 
330 0.2970559988235153 
320 0.3040021725084999 
310 0.3112175207734898 
300 0.3195763828311315 
290 0.3263174244346138 
280 0.3351389184403134 
270 0.3438552408244336 
260 0.3509325497978929 
250 0.357235930438092 
240 0.3643793535644312 
230 0.3740962237219592 
220 0.3879102359520618 
210 0.3988952093735713 
200 0.412260434322671 
190 0.4243255757749568 
180 0.4431932867272678 
170 0.4666616909639635 
160 0.4817822189295879 
150 0.4939782916481226 
140 0.5131343614072408 
130 0.533070324578146 
120 0.5508964518117834 
110 0.5715433844710088 
100 0.5915164644998475 
90 0.6251992501369679 
80 0.6635293826006728 
70 0.6932716265554988 
60 0.7302072114242427 
50 0.7672949854086623 
40 0.8048795360492788 
30 0.8642826185606505 
20 0.9149232879275642 
10 0.9658819579437878 
