1300 0.09112981397594463
1290 0.091302956017599
1280 0.09094987966859495
1270 0.09038552186768146
1260 0.09045198227870577
1250 0.09158985203135378
1240 0.09135686109033372
1230 0.09204209117078292
1220 0.09286198886501987
1210 0.09183158025447521
1200 0.09192505359085784
1190 0.09164923380517806
1180 0.09181677442124071
1170 0.08875658628664851
1160 0.08883473032538751
1150 0.08977490791801382
1140 0.09055575981921135
1130 0.09314008231805128
1120 0.09431121628476731
1110 0.09424295101414278
1100 0.09330119627098668
1090 0.09365296708005945
1080 0.09572381239497754
1070 0.09888365546553887
1060 0.1022670287013756
1050 0.1022148992220247
1040 0.09901034545017942
1030 0.09920913034913575
1020 0.1013540465912092
1010 0.08879132596608399
1000 0.1070334745622041
990 0.1173180887330553
980 0.1168976459590609
970 0.1206467581128332
960 0.1203009347514266
950 0.1084437506384837
940 0.1031689902630918
930 0.1104713494618424
920 0.1042628373392967
910 0.1081684379889729
900 0.10895194157258
890 0.1104749856249887
880 0.135979362416378
870 0.1360484896269207
860 0.1333391096516978
850 0.1346486314703252
840 0.1242076712941145
830 0.1474453604585336
820 0.1428907930864204
810 0.1215857186723881
800 0.2094627713608624
790 0.3828704311947294
780 0.1151185697875564
770 0.1201586910652171
760 0.1228412440199439
750 0.2140592783739621
740 0.2273490928503936
730 0.1728546051599199
720 0.1448355933176283
710 0.1801649830017355
700 0.1284928822252901
690 0.1270370137102787
680 0.1298702229197446
670 0.1762966341859153
660 0.1400711114515504
650 0.1519095802502131
640 0.1506082017516227
630 0.1519161494531527
620 0.2135976509546372
610 0.1838068358841675
600 0.1522534822213651
590 0.2009742134686424
580 0.2306597919330637
570 0.2315915629606697
560 0.235790233726575
550 0.257155014197509
540 0.2723222377529721
530 0.1828950501462969
520 1.033420654107779
510 0.490424378951771
500 0.451910646897675
490 0.4690075508409863
480 0.5139615084019524
470 0.3623839617355297
460 0.306782682832423
450 0.9643322253697019
440 0.2806410463499042
430 0.28490967261532
420 0.37472723143164
410 0.3700512512862605
400 0.3324661368935258
390 0.7174882462507522
380 0.7190048759871757
370 0.4793980313409263
360 0.4961084537890476
350 0.8555026432763403
340 1.249284345555017
330 1.350190767305551
320 2.290469167901159
310 10.87890684495503
300 15.28964439077686
290 16.74763594331291
280 17.07305515249676
270 14.91578529677861
260 14.57851145486184
250 58.9814902500597
240 13.18199906304166
230 13.12912357343444
220 49.3849019311623
210 110.3661858924359
200 50.47856564019123
190 382.5523311564763
180 418.7229026167733
170 414.8629762697269
160 544.6359621935105
150 458.2748150620918
140 473.8922556156162
130 139.6549151076984
120 286.0141229059984
110 1319.001086669375
100 394.4712195712261
90 125.73771021896
80 31.91420406601516
70 16.32907299043229
60 20.4402623571826
50 21.5037753386925
40 11.69313072548929
30 2.123816951473285
20 0.9445127247473014
10 0.8568506056434807
