1300 0.1215692283487306
1290 0.1205306528108917
1280 0.1324181991115035
1270 0.1259206944945187
1260 0.1176570313077454
1250 0.1195999777821394
1240 0.1252062237674387
1230 0.1257801188278834
1220 0.129119577153658
1210 0.1270107324927893
1200 0.1281297064568007
1190 0.1279122084133911
1180 0.1275343413126665
1170 0.1246197265492812
1160 0.1283167613181664
1150 0.1323255808210915
1140 0.1509907584136332
1130 0.1500698428849258
1120 0.1416843407700766
1110 0.1453144895215952
1100 0.1460740272840109
1090 0.1485237889986682
1080 0.1487265518868302
1070 0.1448600031605805
1060 0.1502760860929669
1050 0.1499685862208221
1040 0.1404959480915592
1030 0.1457356350996438
1020 0.1581195487834065
1010 0.1421492177515389
1000 0.1823995712666981
990 0.2177353902795849
980 0.2416053894155995
970 0.2445070489651154
960 0.2293415470067396
950 0.1752455589693621
940 0.1828706664579264
930 0.1826236202472438
920 0.1816229691187728
910 0.1531615357707094
900 0.2009178058840599
890 0.2091015251024463
880 0.2758219696974849
870 0.273992495204092
860 0.2570841775099758
850 0.2663480603876305
840 0.2006405343223336
830 0.2521699020245467
820 0.2352656040924366
810 0.2257553279997284
800 0.3860871479772605
790 0.687296955238867
780 0.1777885507567154
770 0.1723691998320974
760 0.2047817384986427
750 0.6795440700883834
740 0.7387229204626932
730 0.3469294022997938
720 0.2850234972380413
710 0.4058695656175135
700 0.2685305539355113
690 0.2394933799785744
680 0.2502449075864807
670 0.4927269045889418
660 0.2890220174218437
650 0.330475819675013
640 0.3251229806383096
630 0.2685041727464889
620 0.4411436666905468
610 0.3699903163801921
600 0.293480281721282
590 0.3925180458468144
580 0.4427229198579104
570 0.4469028086897219
560 0.4440874701736061
550 0.6849036957474364
540 0.5743099328511603
530 0.4520781423735586
520 1.994813204110306
510 1.35337470251194
500 1.314218536260929
490 1.346065894596029
480 1.072946467085085
470 0.6275610639216487
460 0.4931095364587798
450 2.77951471924683
440 0.6423813294644102
430 0.6133343537969704
420 0.7604212319555878
410 0.6768988304590501
400 0.8195806275577084
390 1.692898051716693
380 1.986790816599842
370 1.094277560106088
360 1.031666926506186
350 2.99322592878634
340 4.764643460169616
330 2.5528896840302
320 8.388620761999929
310 43.17951538211229
300 60.71606912945304
290 66.41581170937202
280 67.69322386081832
270 47.44946115914793
260 45.68226677803651
250 216.9236374723479
240 45.72831178014631
230 45.52539228723063
220 148.0674917982967
210 363.080383244614
200 92.60888575656767
190 951.4992550413288
180 987.2852598838992
170 1013.156727200408
160 1174.966856996737
150 1110.021791733749
140 1115.86507597219
130 344.3281067759521
120 819.947404451807
110 2489.127258212157
100 1207.265023326639
90 433.0160143510485
80 94.1784287114488
70 35.34572483186177
60 73.53607578101304
50 73.28540178111064
40 42.44025851312855
30 5.510816479613591
20 2.934784111333376
10 0.8769447887568473
