1300 12.99873764280287
1290 12.99988633992863
1280 19.0304491930506
1270 16.78882393591233
1260 17.08089995240287
1250 19.05703297392664
1240 23.23346157124767
1230 15.9087313265558
1220 14.14774206686922
1210 14.24401582122965
1200 12.59832608038995
1190 12.56677333238907
1180 12.95376993211248
1170 14.50421534890863
1160 23.90467677127143
1150 28.97837859855317
1140 30.98905127206653
1130 28.18961943744501
1120 26.19862280124362
1110 25.00417438354415
1100 22.64355140617977
1090 22.94643510505206
1080 22.73423413096387
1070 24.06803841863824
1060 24.03583597742859
1050 28.21300624843915
1040 31.99950875624581
1030 31.41990174015505
1020 29.67969045890676
1010 40.05299600221289
1000 24.34875060854177
990 66.09604277089537
980 59.63394435916366
970 61.84096598147678
960 58.20365494110296
950 33.01886356521099
940 34.34485016672064
930 116.700921811685
920 54.52077344446825
910 70.85863582260126
900 71.22806333053163
890 68.20502193000884
880 94.40123146216305
870 94.80851174605532
860 95.64969367876901
850 100.0952194123279
840 70.58162963260737
830 160.9418514331441
820 150.0727450834157
810 86.13035198522736
800 267.5270984293221
790 308.5949395917706
780 149.8813639312272
770 139.4875791280149
760 141.5783622809933
750 219.2134369698712
740 219.2413345907128
730 195.995357851234
720 124.7757360349532
710 178.0156918293006
700 57.7083455756074
690 60.37532766539606
680 60.27583068428182
670 84.56227633268631
660 45.35468836950111
650 46.47259002038354
640 47.05859344768851
630 61.33249168075182
620 134.0840813829468
610 45.18090419407279
600 65.50131750306281
590 104.4072370627942
580 230.0373362646616
570 236.1408350285444
560 228.8527305111972
550 165.1479085287189
540 336.6237604863615
530 344.6697891841515
520 787.2894989730607
510 344.1272779856271
500 258.1111286436165
490 257.9013225135957
480 474.8556430934078
470 231.6786179025654
460 366.7101055194519
450 912.4994726140045
440 224.114416516214
430 224.7025677325852
420 228.5880854126611
410 657.2874094025223
400 130.8572705756022
390 1047.01313514771
380 622.7218169441666
370 317.0159273716648
360 413.0867747308786
350 2725.460371915516
340 3986.421040932688
330 1394.635584992885
320 5756.805209030091
310 30542.0073478057
300 42384.30134403674
290 44240.62207977032
280 44621.03775466163
270 31050.93483251771
260 29506.40348285077
250 140761.673941115
240 33095.66206869821
230 33143.07048126711
220 76791.23593505955
210 196564.097036315
200 48827.25473567894
190 433441.0488411007
180 436020.017565889
170 436611.2186446988
160 584151.0834461412
150 572360.3597506123
140 573440.1831750795
130 154193.5227628817
120 376296.5681527173
110 1242444.296470401
100 487281.1856172311
90 137563.5998009518
80 27641.02041946446
70 17579.48874133734
60 14323.42760287479
50 19830.55773717553
40 20677.52229840119
30 2736.156954255748
20 290.0312124291561
10 2.210725734751632
