1300 12.19468180201353
1290 12.26303801060279
1280 19.47794545666851
1270 20.89799202441046
1260 15.96207549750471
1250 16.97125819677189
1240 20.39244781903502
1230 14.96004424809582
1220 13.24327844465683
1210 14.86544169446405
1200 13.78280269514491
1190 13.79641525367898
1180 13.95139661635398
1170 13.36085243442739
1160 24.08742527672735
1150 28.65769356443798
1140 28.21210436346599
1130 27.88717232441284
1120 20.3160888557048
1110 21.09309658397499
1100 21.71109332200194
1090 21.98187813625232
1080 22.14116726425626
1070 23.55497655356397
1060 23.59309556180281
1050 30.60050524219993
1040 35.6858430459742
1030 34.59985446463828
1020 27.97095769275882
1010 53.53812451084699
1000 24.07290524788914
990 40.85202542283193
980 43.19348370335594
970 41.87786660571593
960 41.54989881342915
950 23.83728270583773
940 32.48026974693974
930 64.06566915144261
920 36.9581795468324
910 38.98465170435309
900 36.38967534825266
890 34.65750388325221
880 57.90868755956706
870 59.87505506588438
860 60.03108848838851
850 60.06075836719387
840 52.70363029818186
830 97.14059095335587
820 91.71312656010505
810 68.91806126960553
800 186.985325294375
790 326.5123646963794
780 71.38515509014931
770 75.69779359531584
760 77.32588634665709
750 171.3103969813209
740 172.1106738087717
730 164.4491054218736
720 99.63823483974789
710 133.25433530059
700 37.98066429823155
690 37.15477058111924
680 38.88637230329523
670 62.30883698406991
660 46.71026068584133
650 48.45856527378734
640 48.2405884853255
630 50.75547078064537
620 103.9046760113198
610 50.22470259442084
600 40.04974479091138
590 97.9458034525488
580 138.2707688579398
570 140.0436617383098
560 138.1897789738743
550 166.4344641880304
540 204.7318035742216
530 161.5721462313738
520 744.4032633214877
510 329.5030089697072
500 261.3519962823394
490 261.7236587639899
480 410.9636814865092
470 242.3853818132392
460 243.1705031245861
450 708.0922547362935
440 148.7448086943164
430 151.757600746616
420 151.013256305802
410 317.8807745338109
400 130.8687553827561
390 639.4356949858395
380 438.1779440540215
370 287.7689054938959
360 407.9381768314267
350 1134.912519113265
340 1598.138323805857
330 1205.541821333836
320 2472.287565090596
310 11973.01735544547
300 16624.69591941317
290 17403.81836070089
280 17559.25839022622
270 15073.4118361262
260 14310.68872373054
250 59826.34618657789
240 14660.17417630495
230 14671.68887326177
220 45554.33890821723
210 98546.96070474386
200 42705.64763072022
190 304953.8351326569
180 328222.4904752789
170 325980.7286440865
160 417276.5053537238
150 349243.2286685565
140 362871.7027555297
130 104557.5461245082
120 220473.8701536177
110 991474.9454314698
100 250600.6632184455
90 81691.45445369667
80 16267.43670954517
70 10028.19082643218
60 9447.544379151739
50 11826.65385368056
40 8530.198423786576
30 1647.028943781905
20 251.3327727904594
10 1.136119134527978
