1200 0.2442346260875335
1196 0.2450991389159281
1192 0.2458793419968111
1188 0.2461694270268551
1184 0.2462680325668749
1180 0.246983799304115
1176 0.2476878755628622
1172 0.2479627479113224
1168 0.2482373023934912
1164 0.2483666298537377
1160 0.2484945578065809
1156 0.2489573928869034
1152 0.2492785438131261
1148 0.251949158254355
1144 0.2522212121247827
1140 0.2522459345661655
1136 0.2525067078799049
1132 0.2529098573010041
1128 0.2534691161029931
1124 0.2534278387347736
1120 0.2532856274088868
1116 0.2530913804228548
1112 0.2531972437499582
1108 0.2534513891473035
1104 0.2533529201665105
1100 0.2529459549950918
1096 0.2529368354852873
1092 0.2524596403096401
1088 0.252181120201955
1084 0.2517861564706177
1080 0.2511318658661553
1076 0.2508525281143749
1072 0.2508151470131002
1068 0.2498997946845929
1064 0.2490884217735437
1060 0.247336199799624
1056 0.2474933707613545
1052 0.247841656941638
1048 0.2476261889701138
1044 0.2474188025384342
1040 0.2484922013629202
1036 0.2494916811858306
1032 0.2495316024104795
1028 0.2493040409917315
1024 0.2490722747463565
1020 0.2489109533666048
1016 0.2489944514219353
1012 0.2489033372426343
1008 0.248181991130567
1004 0.2476824373497306
1000 0.2475584839800848
996 0.2474210120580175
992 0.2476980548675465
988 0.2478891799931438
984 0.248326515531535
980 0.2483487374350492
976 0.2494361545907652
972 0.2494294968655156
968 0.249465523585379
964 0.250144178255866
960 0.2511986217276621
956 0.2512962721986522
952 0.2520522644824703
948 0.2523391553182579
944 0.2525705161520309
940 0.2532133283341256
936 0.2540066656386087
932 0.256008971508228
928 0.2582866620904878
924 0.2588311975519065
920 0.259601264541056
916 0.260310310206871
912 0.2613312824722224
908 0.2618116340973435
904 0.2627961094200311
900 0.2633163921923563
896 0.2638155912944772
892 0.2648468404408939
888 0.2659861510771403
884 0.2680417064540588
880 0.2703178915008456
876 0.2719176404240445
872 0.2733866808508332
868 0.2752955342804185
864 0.27725649029486
860 0.2788286989574194
856 0.2804273838285426
852 0.2836673586485403
848 0.2870479824707922
844 0.2880803705403813
840 0.2890570962765237
836 0.2908148406566924
832 0.2915618725109081
828 0.2935690683588737
824 0.2965091810087518
820 0.3027730041560286
816 0.3046871890289138
812 0.3065875349175783
808 0.3076493001633265
804 0.3086993570690193
800 0.3093713887484631
796 0.3107046731158233
792 0.3125464817435668
788 0.3149299192824646
784 0.3163402417399676
780 0.3182689722702786
776 0.3193647203352611
772 0.3209482460452989
768 0.3222756703625663
764 0.3238902249156651
760 0.3254490604565043
756 0.3276747629707658
752 0.3277712669294816
748 0.3280845881420807
744 0.3296067597953861
740 0.3310706228048122
736 0.3329412858741717
732 0.3346999830639789
728 0.3359391860447108
724 0.3370281638879704
720 0.337793594487263
716 0.3386881885779962
712 0.339840775979869
708 0.3411010488567853
704 0.3414643730231255
700 0.3417152685033146
696 0.3419718028711717
692 0.3422008988472547
688 0.3436256914153294
684 0.3441040350535678
680 0.3445169582524396
676 0.3447530994199866
672 0.3457212537692341
668 0.3471317398369111
664 0.3482007071224697
660 0.3494155698919414
656 0.35095240695271
652 0.3550049991159416
648 0.358685635740812
644 0.3598019005910108
640 0.3607197212863394
636 0.3631484981128602
632 0.3656240428276537
628 0.367162210014202
624 0.3708235816801212
620 0.3734043800904963
616 0.3757964798008134
612 0.3771065655109831
608 0.3783984944142675
604 0.3792333372673047
600 0.3800529100639082
596 0.3816229283698704
592 0.3818664544677701
588 0.3842929161812891
584 0.3873256046310995
580 0.390288626313866
576 0.3932316755982274
572 0.3974314323388918
568 0.4018776048599282
564 0.4034861583495821
560 0.40501525821847
556 0.4112885330786358
552 0.4140970376910997
548 0.4168004059939045
544 0.4179940229851865
540 0.4191561864661676
536 0.4210775891595319
532 0.423062745003865
528 0.4243014873581126
524 0.4253623927208557
520 0.4261196735384401
516 0.4280444698000366
512 0.4288083795810448
508 0.4326094122872532
504 0.4347469991009837
500 0.4370890879273043
496 0.4395372899854922
492 0.4422821353949715
488 0.4457409584204434
484 0.4497958595026499
480 0.4517513208338245
476 0.4540395303130066
472 0.456658982879891
468 0.4598683526286852
464 0.461162084879005
460 0.4620728143630677
456 0.4638243332722869
452 0.4668735210571827
448 0.4698041810687727
444 0.4715695175275756
440 0.4738235428208286
436 0.4761727132400342
432 0.4786761773961599
428 0.4811408901808466
424 0.4835983939981398
420 0.4837779458193291
416 0.4860631988226014
412 0.4863177772008849
408 0.4885456892328689
404 0.4946967925203659
400 0.5006651619950627
396 0.5020962215321326
392 0.505331089861087
388 0.5074509792230362
384 0.5093741170599
380 0.5109284476550605
376 0.5124239594179543
372 0.513266254324933
368 0.5139985046487038
364 0.5153577259667874
360 0.5164946042391487
356 0.5199795188653883
352 0.5222732383400831
348 0.526781437837232
344 0.529648337105977
340 0.5324543320488977
336 0.5345177415439489
332 0.5367535977900609
328 0.5373054570245893
324 0.5398340601852306
320 0.5422316021384229
316 0.5453163343944291
312 0.5466923236826874
308 0.5497738862199046
304 0.5509837367834829
300 0.5523166267412101
296 0.5533426400214454
292 0.5558520556618073
288 0.5588609247557864
284 0.5617713459026633
280 0.5675194933519917
276 0.5737770199585488
272 0.5741038341966803
268 0.5744045942557016
264 0.5786566571258132
260 0.5844291601976892
256 0.5900311921783689
252 0.5922007511874628
248 0.5953050575369454
244 0.5996261217138188
240 0.6033558403609158
236 0.6055444561994862
232 0.606985864812555
228 0.6106306865074624
224 0.6111080456790766
220 0.6232143549899417
216 0.6337045723959549
212 0.640101355124337
208 0.6463647090640516
204 0.6481537770919326
200 0.6505682791766595
196 0.6530240946862607
192 0.6563615437722714
188 0.6661312103763156
184 0.668198504207449
180 0.6700817803336815
176 0.6728378018429938
172 0.6755653553859007
168 0.6788661497862178
164 0.6819466434981536
160 0.6834020195699151
156 0.6865889489268868
152 0.6890749594830488
148 0.6919623718469591
144 0.6932829175749911
140 0.6942873514762582
136 0.6974250986859705
132 0.7033252826376338
128 0.7065361392263727
124 0.7097208199535604
120 0.7183956350200432
116 0.7210604626618077
112 0.7243449205186556
108 0.7271908254737539
104 0.7338673800891617
100 0.7449223373724747
96 0.7523263156282817
92 0.7600537275241234
88 0.7645588305797459
84 0.7675873650609759
80 0.7703622751918918
76 0.7794337630786903
72 0.7844590194181351
68 0.7883423076656459
64 0.7933460994785131
60 0.8055359852868266
56 0.8083270216995073
52 0.8184073669116211
48 0.8334224666078537
44 0.8482424978856462
40 0.8591003493230973
36 0.8733135349846237
32 0.8759586032404661
28 0.8785448102582681
24 0.8836013416962136
20 0.8870025067486231
16 0.9091837882088564
12 0.928811878454249
8 0.9292469819361355
4 0.9601243423795531
