1200 0.310524160743125
1196 0.3108450790735863
1192 0.3111902172259061
1188 0.3108190255343166
1184 0.3098700370750767
1180 0.3098420206806577
1176 0.309796517010189
1172 0.309577322650417
1168 0.3092355989419184
1164 0.3091539064310586
1160 0.3091456084872353
1156 0.309208873310214
1152 0.3092380969398837
1148 0.3092730412042239
1144 0.3093586617881467
1140 0.3090697904470133
1136 0.309058943520945
1132 0.3087204644663418
1128 0.3087552839018065
1124 0.3084458528763479
1120 0.3074218319046
1116 0.3064515261354255
1112 0.3066429186529436
1108 0.3066644533100701
1104 0.3058173481840507
1100 0.3047948243146464
1096 0.3041871194942241
1092 0.3031489615549879
1088 0.30270125919925
1084 0.3022029506806278
1080 0.3017452972794855
1076 0.3012038325855362
1072 0.3008528184253678
1068 0.2991014599926338
1064 0.2974416823192255
1060 0.2944498702249952
1056 0.2942983552899404
1052 0.2946633336591938
1048 0.2940521228676296
1044 0.2933094966956691
1040 0.2963514093680162
1036 0.2991412881234155
1032 0.2993699101294591
1028 0.2998622337567254
1024 0.2991092658841785
1020 0.2982763193365914
1016 0.2978303306951968
1012 0.2973154549347252
1008 0.2953024395266204
1004 0.2934672081702079
1000 0.2933944531039038
996 0.2933340128345947
992 0.2938047255115957
988 0.2942194104611591
984 0.2970301650418528
980 0.2977511658572662
976 0.3013895157016107
972 0.3014729073847705
968 0.3025161385482807
964 0.3046266886134583
960 0.3068548244408083
956 0.3086331940506905
952 0.3109916145937844
948 0.3118271514965146
944 0.3128979243310313
940 0.3135962257397748
936 0.3145617155089088
932 0.3198167100508429
928 0.3253946577622037
924 0.3271542604783343
920 0.3294110664561414
916 0.3311147081241898
912 0.3347759665852411
908 0.3361681137049286
904 0.338436033889754
900 0.3398513752173956
896 0.3415220224670256
892 0.3442737414111217
888 0.3469623970265804
884 0.3502648072127
880 0.3536531458980897
876 0.3576649618761852
872 0.3616308885198554
868 0.3658204629106475
864 0.3703088540421284
860 0.3725186395601361
856 0.3749383235967854
852 0.3818562482256626
848 0.3881103655697403
844 0.3898305688787597
840 0.3916791934519277
836 0.3941098942662161
832 0.3953016559542392
828 0.3979088803910973
824 0.4019084527867059
820 0.4117929214226326
816 0.4161261629576054
812 0.4203412908297818
808 0.4211626859232306
804 0.4216906570936712
800 0.4235204595218057
796 0.4244899578813157
792 0.4266002849000192
788 0.4282983821280923
784 0.429698344216833
780 0.4308152501846566
776 0.4322309975789065
772 0.4329559855814013
768 0.4336168340103238
764 0.4346093962313431
760 0.435629957608925
756 0.4360159520819225
752 0.4343851269425433
748 0.4326792365259661
744 0.4334188441156517
740 0.4334093056502783
736 0.4336059421063122
732 0.43336296339576
728 0.4329035389113896
724 0.432983182755817
720 0.4334309048955891
716 0.4338299318782471
712 0.4331451930319262
708 0.4326856164069597
704 0.4328726559027442
700 0.4332835154422958
696 0.4328750567948778
692 0.4325119508828308
688 0.431222436018358
684 0.4311179884860597
680 0.4308175184031082
676 0.4309820867798244
672 0.431920681730092
668 0.4334740683435223
664 0.4343848892646792
660 0.4356627751358018
656 0.4378058739312142
652 0.4424326038516397
648 0.447202530190811
644 0.4497516499291827
640 0.4520126092939941
636 0.4535985409361772
632 0.4552269621783472
628 0.4579138299602393
624 0.4641138533389099
620 0.4682384843457185
616 0.4717722565729658
612 0.4737253844714099
608 0.4756387874811562
604 0.4776708111457951
600 0.4794218583622536
596 0.4829957489680062
592 0.4836792195463905
588 0.4890236321638945
584 0.4954580693208808
580 0.5019628026534657
576 0.508628550468547
572 0.5171856335162962
568 0.5268715529063055
564 0.5303826122094428
560 0.5338200227697931
556 0.5469591048050818
552 0.5528830557786026
548 0.5579690900714412
544 0.5604736131649881
540 0.5625141920058945
536 0.5670972076160149
532 0.5717360530919524
528 0.5744411716219459
524 0.5763858989941555
520 0.5773523979644225
516 0.5797629884064617
512 0.5810377918189347
508 0.5870722353025014
504 0.5915661504436637
500 0.5951176165144899
496 0.5987839604550066
492 0.6031077246747059
488 0.604628155531008
484 0.6064830657292668
480 0.6090046405276355
476 0.611424900618492
472 0.6133943445980761
468 0.6152764348457456
464 0.6166614924643991
460 0.6172296421938458
456 0.619587542141802
452 0.622734760964861
448 0.625894518862364
444 0.626293653786444
440 0.627104779311158
436 0.6278061308087939
432 0.6285978655823228
428 0.6284260507483068
424 0.628276511288771
420 0.628356183503876
416 0.6273109471327047
412 0.6272321246678109
408 0.6261949347864524
404 0.6260902079895118
400 0.6268563693948478
396 0.6267143425014904
392 0.6263177068570474
388 0.6256474988333457
384 0.6252850094240893
380 0.6245921128950493
376 0.62369545111255
372 0.6233485341977567
368 0.623075900896303
364 0.6228778577657307
360 0.6231101156578244
356 0.6231693736964514
352 0.6240213788497864
348 0.6242220110431221
344 0.625756248706406
340 0.6263141604330793
336 0.6297424627487447
332 0.633389560538962
328 0.6343635016663023
324 0.6374096247878928
320 0.64018720239169
316 0.6442270687727107
312 0.6448200179923264
308 0.6467534643975459
304 0.6478412867464171
300 0.6488188583115414
296 0.6493685467607186
292 0.6552429427413032
288 0.6603140388900884
284 0.664716292998865
280 0.6780141338730375
276 0.6913574896692615
272 0.6923719999030751
268 0.6930969806554889
264 0.6968191299949802
260 0.7105042752251404
256 0.7223514330317333
252 0.7243266165581873
248 0.7280200103023976
244 0.7380598164575169
240 0.7454157255355893
236 0.7450103018237815
232 0.7442697609856567
228 0.7491587798190722
224 0.7496467574226484
220 0.7609262677199867
216 0.77332001904814
212 0.7815425755106766
208 0.7893068926850492
204 0.7908658507304313
200 0.792762854025839
196 0.7949786308679405
192 0.7981077500344129
188 0.8037433525242843
184 0.8044184410500625
180 0.8050171801758682
176 0.8057730875702547
172 0.8063811795471033
168 0.8067851214663839
164 0.8072562657972538
160 0.8070312524278015
156 0.8059373237550226
152 0.8042290252840008
148 0.8021219350349975
144 0.8007301853328731
140 0.8000189398307679
136 0.8011683679995827
132 0.7989337952414035
128 0.7951948700567206
124 0.7935838970580169
120 0.7962042270860188
116 0.7965149620934123
112 0.7973847815833377
108 0.7996526428481546
104 0.8048473355219492
100 0.8159981060392005
96 0.8218590963498457
92 0.8313432005541085
88 0.8372456790942251
84 0.8427373714107026
80 0.8477727963299296
76 0.8620755279242215
72 0.8727409507091749
68 0.8812343660945257
64 0.8909270039982852
60 0.908944016427422
56 0.9119481562642342
52 0.92238404173373
48 0.934253439286214
44 0.9458337749687862
40 0.9428951531213297
36 0.9403101785182076
32 0.9384413611629432
28 0.9374500868572249
24 0.9373234181968798
20 0.9421317278816114
16 0.9860712352145746
12 0.9926056757569658
8 0.9924558560069779
4 0.9995266659631392
