1200 0.08360642777602821
1196 0.08499067549594545
1192 0.08635935622682692
1188 0.08565167296694477
1184 0.08444932796896
1180 0.08523879915325036
1176 0.08593317062381385
1172 0.08610017905131939
1168 0.08635254485042217
1164 0.08615827306758468
1160 0.08602790440295349
1156 0.08674844519851226
1152 0.08733004973316451
1148 0.09191950647773925
1144 0.09257086718952803
1140 0.09265944478545152
1136 0.09339521985800352
1132 0.09424261112745286
1128 0.0956459802207091
1124 0.09531270356048344
1120 0.09541621633718676
1116 0.09550566245386487
1112 0.09625919785817892
1108 0.0970542835157642
1104 0.09683126960865085
1100 0.09650146633749707
1096 0.09636222976469193
1092 0.09599696005225195
1088 0.09571938068251923
1084 0.09588551136071852
1080 0.09622717684299723
1076 0.0956475585576599
1072 0.09605033003716247
1068 0.09497336377986373
1064 0.09419830813927098
1060 0.09191421838350425
1056 0.09190815689028721
1052 0.09167597414198243
1048 0.09154197314612549
1044 0.09142920514578516
1040 0.09420803149764531
1036 0.09682015103238045
1032 0.09742185066668924
1028 0.09776199335013397
1024 0.09750302392060849
1020 0.09730616025197761
1016 0.09744723731138503
1012 0.09753176082706252
1008 0.09698315285355777
1004 0.09657768631210149
1000 0.09625891928846238
996 0.09604903885420971
992 0.09595016322862544
988 0.09582022450301662
984 0.09699980917281795
980 0.09707219077828239
976 0.09898394692513124
972 0.09844160922242999
968 0.09750709181371259
964 0.09807938573101266
960 0.09878653275000944
956 0.09805875465473086
952 0.09748919210521211
948 0.09789459464801922
944 0.09821086375585313
940 0.09881671175710009
936 0.09958286333264374
932 0.1010641526102484
928 0.1029029526081855
924 0.1031551935922514
920 0.1038724825460877
916 0.1045185197441336
912 0.1054297588448419
908 0.1061696772648486
904 0.1075671541797166
900 0.1076185252078219
896 0.1078007858653895
892 0.108742883662549
888 0.10970697081472
884 0.1120047786965864
880 0.1141285387592189
876 0.1152197551241833
872 0.1161913164283451
868 0.1177768852319241
864 0.1191461482998637
860 0.121188840083312
856 0.1234419534625112
852 0.1255974871456922
848 0.1277415618131757
844 0.128334242132502
840 0.1291948826941497
836 0.1311077000037343
832 0.1327092033900363
828 0.1347356447049191
824 0.1367201747952965
820 0.1444158557270104
816 0.1458147827465243
812 0.1475174021767324
808 0.149006532129776
804 0.1504171656130561
800 0.15115229007132
796 0.1521261570988512
792 0.1541321159923801
788 0.1562402633468224
784 0.1590784211760623
780 0.1627759446974576
776 0.1644840591386649
772 0.1676624407290513
768 0.1697613680949217
764 0.1719079357628422
760 0.1745625291008774
756 0.1774556133833114
752 0.1794625188652594
748 0.1810112498775346
744 0.1831785264026025
740 0.1856269336108087
736 0.1885469369909985
732 0.1909049844623697
728 0.1934540766108434
724 0.1960601381322802
720 0.1978151171960423
716 0.1999089749000318
712 0.2023666623030727
708 0.2047493490329742
704 0.2059982604254459
700 0.2069221568476469
696 0.2077142722821048
692 0.2086544230373225
688 0.2137610778524596
684 0.2148841529688875
680 0.2160900420950386
676 0.2171233483700661
672 0.2191120322692931
668 0.2216133979399018
664 0.223793451287196
660 0.2261798385610038
656 0.2285216945003153
652 0.2333922785648873
648 0.237697759215399
644 0.2403415595350714
640 0.2427924727750644
636 0.2459525093395422
632 0.2488536692190887
628 0.2520349767969722
624 0.259144493578577
620 0.2620566864083398
616 0.2644747597950898
612 0.2657329257543837
608 0.2668387723572028
604 0.2680968598103676
600 0.2691930081517114
596 0.2711497620813584
592 0.2717801376423687
588 0.274995120100348
584 0.2785844368867793
580 0.282169439949309
576 0.2852425142499947
572 0.2896496081734027
568 0.2944633233242173
564 0.2961283115236324
560 0.29791133838179
556 0.3056121092550526
552 0.3079756659944487
548 0.3110654513174252
544 0.3130080761232648
540 0.3146883648825614
536 0.3168446156194913
532 0.3191428540420191
528 0.3208900657364668
524 0.3221409546388341
520 0.3237151176650296
516 0.326505642639584
512 0.3278429529995194
508 0.3323126937627555
504 0.335308113454785
500 0.3387483665349407
496 0.341531727568223
492 0.3455540088182856
488 0.3510768197861326
484 0.3572993969657421
480 0.360511631895698
476 0.3631563399183842
472 0.3666420152060195
468 0.3712889102346122
464 0.372990753311017
460 0.3744416914394461
456 0.3774300742069361
452 0.3817851125011881
448 0.3859869201036668
444 0.3890499772347217
440 0.3914379968197904
436 0.395839753413309
432 0.3998352702842105
428 0.4035761918528449
424 0.4071900902389979
420 0.40743708401051
416 0.4098365265807267
412 0.4104571089126485
408 0.41199722256154
404 0.42039096762963
400 0.4280683080133838
396 0.4307202173160335
392 0.4362656624663057
388 0.4386403759732321
384 0.4407503144263893
380 0.4437250084711977
376 0.4466910092715252
372 0.4478268468158864
368 0.4489545783836595
364 0.4510710093551047
360 0.4526470965324422
356 0.4566496639214129
352 0.4591256331088499
348 0.4651992428616304
344 0.4684454342474589
340 0.4716734410581124
336 0.4752243477345561
332 0.4777095731835496
328 0.478616893636079
324 0.4813615500160626
320 0.4839175105283102
316 0.4867983871960525
312 0.4894072013411326
308 0.4950863539739199
304 0.4970205468267441
300 0.4987871088237342
296 0.5002471251248602
292 0.5037157816846735
288 0.507336718264373
284 0.5106582300867386
280 0.5185775349927376
276 0.5267343441436821
272 0.5271701913012621
268 0.5277871141192647
264 0.5326344900795107
260 0.5383874612490384
256 0.5430683520183912
252 0.5446826321672772
248 0.5475920384269137
244 0.5517215126839989
240 0.5550331624066462
236 0.5559611562840983
232 0.5564303667159642
228 0.5617638032825277
224 0.5622461225765621
220 0.5724380390462709
216 0.5856567823539697
212 0.5890100347646628
208 0.5925147845877864
204 0.5937854591327779
200 0.5963877061185225
196 0.5989763635788339
192 0.6028849357718739
188 0.6167129109059821
184 0.6190062111707098
180 0.6210617578346458
176 0.6296068312912763
172 0.6362333162707844
168 0.6419041263566796
164 0.6472398924141436
160 0.6503059940362642
156 0.658244171254082
152 0.6664463680004852
148 0.6759021262548511
144 0.6803125746703456
140 0.6834077120875592
136 0.688988721815403
132 0.6969244080833726
128 0.7055940096242923
124 0.7128747533289288
120 0.7227960447454577
116 0.7258413408651034
112 0.7293923374922904
108 0.7306520641088921
104 0.7336372025473467
100 0.7380979410037448
96 0.7423366523999168
92 0.7459652800847369
88 0.7472916169162563
84 0.7495821642897419
80 0.7520275736450094
76 0.7588135518477487
72 0.7664087005210419
68 0.7713345413593131
64 0.7842772686667927
60 0.8154223960325189
56 0.8208283369441267
52 0.8416970261898692
48 0.8731510960649979
44 0.8966638915716233
40 0.9123920113054946
36 0.9263175947109443
32 0.9282223539775017
28 0.9296008601254249
24 0.9329580526199813
20 0.9373510563133268
16 0.9561172028014441
12 0.9646076537845827
8 0.9649534319319081
4 0.9958154785076929
