1200 0.07905806368175748
1196 0.08009970978428847
1192 0.08098868756758673
1188 0.08075991558015491
1184 0.0803329114250865
1180 0.081077045072387
1176 0.08206825428055223
1172 0.08238469571180614
1168 0.08244225350928307
1164 0.08222083926517611
1160 0.08200395098732624
1156 0.08299678371607322
1152 0.08363732171831226
1148 0.08955149373721016
1144 0.09010066784340563
1140 0.08998307245165221
1136 0.09043826459556475
1132 0.09133508965504308
1128 0.0923411075064763
1124 0.09197738052839213
1120 0.0921294000987173
1116 0.0922430057192186
1112 0.09226698454163886
1108 0.09270054295986545
1104 0.09251484236797855
1100 0.09194288357792786
1096 0.09183710826199781
1092 0.09122381165174871
1088 0.09079536570686891
1084 0.09079105697882242
1080 0.09090810314107901
1076 0.09015260377544161
1072 0.09077267459777355
1068 0.08952130574402412
1064 0.0886312785971731
1060 0.08617468691675598
1056 0.08656590300611861
1052 0.08747129561387548
1048 0.0874575677675956
1044 0.08741151097385047
1040 0.0896778713917304
1036 0.09199212691819757
1032 0.09255422572291146
1028 0.09298496235992117
1024 0.09277236633613868
1020 0.09255602380075523
1016 0.09301473323487638
1012 0.0932577860654845
1008 0.09283798213729116
1004 0.09252607939133893
1000 0.09250237824862215
996 0.09249135466898703
992 0.09236674553030726
988 0.09226637819733001
984 0.09363663670444616
980 0.09402235408135196
976 0.09615081461494733
972 0.09599346490624416
968 0.09607049757813314
964 0.09669565045105687
960 0.09759495976433175
956 0.0963312375799002
952 0.09588180099920929
948 0.09617116743246665
944 0.09642970758932297
940 0.09701380333653573
936 0.09795302829858091
932 0.09956985826951631
928 0.1013483253958577
924 0.1018551361813309
920 0.1024649338741136
916 0.1031672658323872
912 0.1039817371708711
908 0.1049863097684639
904 0.1063692616966692
900 0.1063702668399542
896 0.1063532218484089
892 0.1072277894705677
888 0.1082716327039663
884 0.1102993171304253
880 0.1121866864265869
876 0.1132861861429853
872 0.1142072664264704
868 0.1159859671846545
864 0.1176698578358779
860 0.1199213303754501
856 0.122190271661988
852 0.1243149782292527
848 0.1262586304447946
844 0.1271842065592132
840 0.1282525291803517
836 0.1301554716207829
832 0.1315941266795709
828 0.1335929727772909
824 0.1358119403018374
820 0.1436882403573133
816 0.1453812513291446
812 0.1470923469370403
808 0.1484257796397395
804 0.1497906199865086
800 0.1507822014650036
796 0.1519789116550812
792 0.1538468467420246
788 0.1558841646674377
784 0.1585543344298972
780 0.1622757956702972
776 0.1640451952162292
772 0.1671844554524116
768 0.1693145341344418
764 0.171418398367443
760 0.1737977020947334
756 0.1766233273045432
752 0.1781738080633195
748 0.1797817472199447
744 0.1820650530335879
740 0.1844635725536833
736 0.1874765007267022
732 0.1899527281864468
728 0.1926260616879939
724 0.1952220152081706
720 0.1968888385356021
716 0.1989046539571707
712 0.2015085846599268
708 0.2039532873598067
704 0.2051260566936297
700 0.2059617096960338
696 0.2068428289555684
692 0.2078392803295908
688 0.2131127375572312
684 0.2142958845107561
680 0.2155464261649937
676 0.2166265114167138
672 0.2185913866210946
668 0.2211421297628451
664 0.2231915557132957
660 0.2256772983017976
656 0.2279733513053081
652 0.2328798454588176
648 0.2375069381055722
644 0.240209729313018
640 0.2425862046328119
636 0.2458052685751031
632 0.2489024356783995
628 0.2521076063705064
624 0.2593187300258215
620 0.2622705220631507
616 0.2648352262120989
612 0.2661801381552167
608 0.2674298245550335
604 0.2685915252960501
600 0.2697459707547739
596 0.2717199919080015
592 0.2722443840573101
588 0.2754063486670905
584 0.2791799902620463
580 0.2825513803607669
576 0.285856408181362
572 0.2901286331534038
568 0.29431282177958
564 0.2960065403038531
560 0.2976970855921918
556 0.305483573948566
552 0.3080029778110089
548 0.3104807085421953
544 0.3120831082563393
540 0.3135092882447154
536 0.315480548569582
532 0.317549309495025
528 0.3191738712172471
524 0.3203591638009128
520 0.3218842013339263
516 0.3248814546278555
512 0.3262028244365054
508 0.3312507771448131
504 0.3345435168571261
500 0.338022812399606
496 0.3417444098697106
492 0.345856828111525
488 0.3510657878263226
484 0.3574990643219962
480 0.3604559397647398
476 0.3635606547023084
472 0.3669546863367586
468 0.3713095260033634
464 0.3732082028314515
460 0.3744895904660931
456 0.3772363197112765
452 0.3818717791236598
448 0.3864201832408428
444 0.3889838584583007
440 0.3921750543551704
436 0.3962499440709145
432 0.400266372886707
428 0.4043506619528535
424 0.4082093145303061
420 0.4085182513701217
416 0.4111528984520597
412 0.411665597042108
408 0.4136217882596991
404 0.4217512674693736
400 0.42926941131188
396 0.4315810992163903
392 0.4361871698204779
388 0.43848039859547
384 0.440369551659227
380 0.4433248613835999
376 0.4463025953968173
372 0.4475635914134043
368 0.4486969039402505
364 0.450862018134626
360 0.4525557778749559
356 0.457050736832702
352 0.4597650866520359
348 0.4653782552981274
344 0.4690389674430768
340 0.4724630167291029
336 0.4753027886374485
332 0.4785461322603948
328 0.4795395455987088
324 0.4821308985648183
320 0.4845723401908131
316 0.4873863355791863
312 0.4899455331884734
308 0.4953415605910247
304 0.4970668373328588
300 0.4990793065329286
296 0.5006189068742729
292 0.5037650263579474
288 0.507788557925494
284 0.511514980806162
280 0.5195729789488268
276 0.5273029082121458
272 0.5276869424573047
268 0.528049410486724
264 0.5335405171650494
260 0.5395288918060797
256 0.5449699877038218
252 0.5468057385809372
248 0.5493797446935847
244 0.5537404472381829
240 0.5570352051834827
236 0.5579388109515983
232 0.5581107662711099
228 0.5634445776689769
224 0.5639393919581656
220 0.5740116670089024
216 0.5879940882900923
212 0.5915392807083938
208 0.5945611183687229
204 0.5959214301318662
200 0.5980209184768691
196 0.6001635746220282
192 0.603405566499393
188 0.6193789855219711
184 0.6218202519078083
180 0.6241647314614539
176 0.6321734750950766
172 0.6385641916752124
168 0.6439883453844071
164 0.6490961605643291
160 0.6527741517337501
156 0.6613672770853931
152 0.6697404167235089
148 0.6790776472823129
144 0.6835491572635669
140 0.686566465872653
136 0.6913123253191741
132 0.6994102072421536
128 0.7068620047949418
124 0.7132969822382352
120 0.724200156187501
116 0.72640455822387
112 0.7290128953271201
108 0.7304849875208008
104 0.734115328046108
100 0.7394220433836193
96 0.7436198515171414
92 0.7474759582332706
88 0.7492422685377609
84 0.7516433282253249
80 0.7537830680958402
76 0.7621372933785315
72 0.7689889618728009
68 0.7742867717250873
64 0.7874300457423541
60 0.8187147766736216
56 0.8241086660124768
52 0.8444572692132688
48 0.8757331149671504
44 0.8993579503636512
40 0.9153558266971358
36 0.9292654296367913
32 0.9306333758958066
28 0.9319639238507209
24 0.9349862071666462
20 0.9390074267777856
16 0.9536709641969929
12 0.9599292310499299
8 0.9605009460862715
4 0.995877932316085
