1200 0.3145761442196436 
1196 0.3141950458927006 
1192 0.3137856593627384 
1188 0.3143651253866317 
1184 0.3154096625213087 
1180 0.3147335078126061 
1176 0.314294952616732 
1172 0.3134182784193006 
1168 0.312261252623538 
1164 0.3130387830883331 
1160 0.3138140076323427 
1156 0.3138304524296902 
1152 0.3137624442811282 
1148 0.3074930880785914 
1144 0.3067346159242917 
1140 0.3067039355850319 
1136 0.3058997113373664 
1132 0.3048940969509822 
1128 0.3035394976690033 
1124 0.3043592443910834 
1120 0.3028699380897136 
1116 0.3016143792573336 
1112 0.3014378150551096 
1108 0.3012553817429646 
1104 0.3016432177138058 
1100 0.3014972674381893 
1096 0.302084204136549 
1092 0.3019788157525347 
1088 0.3028803009162588 
1084 0.3044245860429706 
1080 0.3064146202522694 
1076 0.3069721685184247 
1072 0.3056598370850627 
1068 0.3067713768146061 
1064 0.3072195372268547 
1060 0.3101999324238226 
1056 0.3105815455723558 
1052 0.3117136032054181 
1048 0.3126613095900558 
1044 0.3136898306036396 
1040 0.3096345956133463 
1036 0.3061234694245885 
1032 0.3065108457056342 
1028 0.3068596591545472 
1024 0.3073186261939165 
1020 0.30771971839058 
1016 0.308670779189259 
1012 0.3097952094542668 
1008 0.3092768922643914 
1004 0.3088612939233176 
1000 0.3091859689451692 
996 0.3093664972143721 
992 0.30961299207554 
988 0.3098035401803222 
984 0.3091197707786764 
980 0.3086153504749506 
976 0.3078944775778084 
972 0.3091230163325188 
968 0.3125092049474189 
964 0.3112707491640076 
960 0.3099707609256019 
956 0.3122923267315519 
952 0.3141892310096365 
948 0.3150621483816081 
944 0.3158984848848825 
940 0.3151459806660844 
936 0.3140657671093879 
932 0.3136757935274683 
928 0.3130572235445546 
924 0.3139467421227717 
920 0.3145097005424491 
916 0.3152402176658025 
912 0.3159693479345514 
908 0.3173766561411355 
904 0.3206805225889733 
900 0.3208798096861477 
896 0.3210640824253248 
892 0.3223780592934105 
888 0.3239083370082596 
884 0.3240418723155897 
880 0.324186985472786 
876 0.3240833350244113 
872 0.3241648076645017 
868 0.3253215363933862 
864 0.3265465222013922 
860 0.3274613039564524 
856 0.3285073532822307 
852 0.3323638417514189 
848 0.3361840159263427 
844 0.3358083728934944 
840 0.3357388345391923 
836 0.3369195416322434 
832 0.3368868678943671 
828 0.3382012086927627 
824 0.3403351867778517 
820 0.3414890496918635 
816 0.3408677623719615 
812 0.3403014542767353 
808 0.3398460656056914 
804 0.339594107849833 
800 0.3391033344940523 
796 0.3394863749757801 
792 0.3398994601015791 
788 0.3415730152743291 
784 0.3415328344792253 
780 0.341005120547747 
776 0.3415838799271919 
772 0.3415251580617462 
768 0.3418775263581982 
764 0.3433654323505131 
760 0.3434979683499241 
756 0.3475783056494776 
752 0.3511459314367178 
748 0.354041902137642 
744 0.3523578059718608 
740 0.3507763605163674 
736 0.351454656682172 
732 0.3516307182354239 
728 0.3527716077951697 
724 0.3538759896791452 
720 0.3535557504498466 
716 0.3529957183145493 
712 0.3531019067302462 
708 0.3525720869892096 
704 0.3531890429095115 
700 0.3536195577207736 
696 0.354231667190776 
692 0.3548632905952948 
688 0.3569237925890457 
684 0.3572712296706897 
680 0.357587639151726 
676 0.3589356917054749 
672 0.3597733336763125 
668 0.3593214358573579 
664 0.361014494290948 
660 0.3599878726700928 
656 0.3619963777418833 
652 0.361735319281263 
648 0.3618744982515171 
644 0.3629258376442277 
640 0.3637594966945736 
636 0.3631345481788596 
632 0.3623272271266937 
628 0.3628509651963182 
624 0.3646815080857405 
620 0.3657104770076731 
616 0.3671776398845202 
612 0.3678961629675472 
608 0.3686794767181091 
604 0.3694947415790354 
600 0.3702134649175809 
596 0.3714365500989496 
592 0.3718882542801132 
588 0.3738803144656661 
584 0.3751339362873222 
580 0.3766015576146554 
576 0.377868396398295 
572 0.3810726643709063 
568 0.384668929773353 
564 0.3852975195448112 
560 0.3855728557960235 
556 0.3903947094160927 
552 0.3914953495423593 
548 0.3929217757389425 
544 0.3956797387812833 
540 0.3985382343845085 
536 0.3998263939676007 
532 0.4009522381449199 
528 0.4005445595552025 
524 0.400367427183846 
520 0.4017641346390509 
516 0.4028337015649948 
512 0.4038595201175581 
508 0.4047508248806607 
504 0.4059102536404044 
500 0.4071391779822642 
496 0.4076110729051639 
492 0.4082600872330794 
488 0.4107841465263632 
484 0.4128062312389467 
480 0.4130501097229856 
476 0.4138353270060245 
472 0.4159813420459257 
468 0.418189573590299 
464 0.4182353116923069 
460 0.4183984976635017 
456 0.4209654857364138 
452 0.4245729555911303 
448 0.4284077496551058 
444 0.431043113513854 
440 0.433189368035186 
436 0.4345806857515127 
432 0.4355500801842719 
428 0.4366667533544511 
424 0.4373548143935462 
420 0.4375694550977117 
416 0.4430872265021268 
412 0.4430905951871 
408 0.4489688779919324 
404 0.449220274836778 
400 0.4503457721618926 
396 0.4521275213031422 
392 0.4565385224296498 
388 0.4566121534970788 
384 0.4566251100651474 
380 0.4593570394968516 
376 0.462610463278075 
372 0.4644470868998875 
368 0.4663195787606733 
364 0.4674956887655937 
360 0.4683962758833543 
356 0.4693196049755737 
352 0.4688959947232594 
348 0.4727751223484774 
344 0.4748034007538454 
340 0.4764647529395256 
336 0.4788067979114952 
332 0.480678354117997 
328 0.4813605885522448 
324 0.4819272843371094 
320 0.4826265206140704 
316 0.4847604843657951 
312 0.485235292567799 
308 0.4874763019811501 
304 0.4888394105303079 
300 0.4903265114917131 
296 0.491390120877162 
292 0.4936639272060639 
288 0.4943869069546831 
284 0.4954163295539996 
280 0.4996841302826846 
276 0.5036176621365542 
272 0.5036334120299925 
268 0.5036818210236087 
264 0.5078850979545602 
260 0.5129493846998938 
256 0.5197358817959555 
252 0.5226968041368167 
248 0.5261778017847173 
244 0.5323151745764899 
240 0.5385999316717794 
236 0.5387740199408082 
232 0.5391544296852917 
228 0.5426757265705811 
224 0.542900609449019 
220 0.5540917683597297 
216 0.5635326443113455 
212 0.564788711621215 
208 0.5668818908523313 
204 0.5664223538872015 
200 0.5680151763316393 
196 0.5697578578716764 
192 0.5733128022479828 
188 0.5812265400488017 
184 0.5821407368230828 
180 0.5830355811372757 
176 0.5858673894796844 
172 0.5873553011549727 
168 0.5917606840228453 
164 0.595623194862049 
160 0.5962592694366302 
156 0.5980748607288349 
152 0.6013986192390982 
148 0.6050445670618155 
144 0.6069920175777728 
140 0.6083927066800801 
136 0.6155185295971646 
132 0.6260430970359238 
128 0.6321228935947526 
124 0.6367393433784204 
120 0.6451267817940592 
116 0.6508110191158761 
112 0.6574171890586912 
108 0.6593814065201898 
104 0.6634926332886065 
100 0.6693110225244544 
96 0.6750818555349393 
92 0.6781427821052854 
88 0.6792605356283805 
84 0.681665563859407 
80 0.6835541331160615 
76 0.6862309864246392 
72 0.688361926993229 
68 0.690920654317374 
64 0.7018788966195473 
60 0.7213292763685339 
56 0.7248591438804144 
52 0.7352021101696037 
48 0.756386146435752 
44 0.7698215589704989 
40 0.7912135432335133 
36 0.8127323547101369 
32 0.8180205265294279 
28 0.8192338949527653 
24 0.8234977673018143 
20 0.8273999346681655 
16 0.8770832358056978 
12 0.8945005597462028 
8 0.8956846060232754 
4 0.9454572325530872 
