1200 0.807311843918744 
1196 0.8028433043477858 
1192 0.7722353187922982 
1188 0.7604260799449776 
1184 0.7396626625392848 
1180 0.720270902362421 
1176 0.6658663862291161 
1172 0.6553697995265849 
1168 0.6192038872145447 
1164 0.6423365262797067 
1160 0.638518389775429 
1156 0.6432747160542224 
1152 0.6407183301199879 
1148 0.5494133008983436 
1144 0.5523297408299201 
1140 0.5491372431385981 
1136 0.5429949977805901 
1132 0.511279328751381 
1128 0.4788071672411056 
1124 0.4624368262289137 
1120 0.4812861824339212 
1116 0.4849619385277266 
1112 0.4975436924321086 
1108 0.4989966236213778 
1104 0.507849575245748 
1100 0.5194700947689683 
1096 0.5268125022960017 
1092 0.5057657601083195 
1088 0.5294561353688089 
1084 0.5599217073724538 
1080 0.5931041752360858 
1076 0.5902895688023898 
1072 0.5836974402877734 
1068 0.6013060728601295 
1064 0.6028190400049723 
1060 0.6318844753626295 
1056 0.6352834386266497 
1052 0.5997902725554385 
1048 0.6124734886297476 
1044 0.6181059808146889 
1040 0.5547450259077431 
1036 0.4461248618610769 
1032 0.48561772749763 
1028 0.4749828139415768 
1024 0.4912651834559442 
1020 0.4966312588014058 
1016 0.5246914745483612 
1012 0.5232202812329689 
1008 0.5149129115808888 
1004 0.4955360646283572 
1000 0.5180183385962535 
996 0.535422658886175 
992 0.5393599292210642 
988 0.5209269824697584 
984 0.5550442811090344 
980 0.5212880299256641 
976 0.5568632938479643 
972 0.5522877230390825 
968 0.5685004527704566 
964 0.5388244120545589 
960 0.5543369367439727 
956 0.5533326751428121 
952 0.5381351586615265 
948 0.566345249183713 
944 0.5868008359764176 
940 0.587251939808314 
936 0.579059210699898 
932 0.5822415054839102 
928 0.5375795457417752 
924 0.5348976714340661 
920 0.5241899016974029 
916 0.5570306788785159 
912 0.5966055535426844 
908 0.5913784632802033 
904 0.5802575846874917 
900 0.5611453086735981 
896 0.5415559701505713 
892 0.5418788897857928 
888 0.5422130560309937 
884 0.5288519267862331 
880 0.5085404910811027 
876 0.4999218936467554 
872 0.5221571151739897 
868 0.4969602525179541 
864 0.482864105669124 
860 0.5138138565725104 
856 0.4788363932511575 
852 0.5318659129949925 
848 0.5575972116279388 
844 0.5970179753472576 
840 0.562112270419373 
836 0.5701712488980268 
832 0.5646810011108778 
828 0.4910607302787947 
824 0.4221158600705118 
820 0.4139931096784251 
816 0.4474946772980478 
812 0.4489254785314102 
808 0.468419754170067 
804 0.4386091401599515 
800 0.4526227123209861 
796 0.4323774014465565 
792 0.4368199123633879 
788 0.4443487546284418 
784 0.4632755831032039 
780 0.4572750674954848 
776 0.4805986220733807 
772 0.4958729386015546 
768 0.5043993912025787 
764 0.5449516214783832 
760 0.5436469024566981 
756 0.5903431930875869 
752 0.6101351101058954 
748 0.5985012192937463 
744 0.6061445250462532 
740 0.5651316716014383 
736 0.6168940724750043 
732 0.5509512169718729 
728 0.5836732558314036 
724 0.5718657635178145 
720 0.5753279082823798 
716 0.5749434379768059 
712 0.5381305506098445 
708 0.4937660579572402 
704 0.4923444149634721 
700 0.4886491301021991 
696 0.4988374668025609 
692 0.5092890586416396 
688 0.529165538364028 
684 0.5629425723273979 
680 0.5698414674887562 
676 0.6042265896031321 
672 0.5970049610636636 
668 0.5430926873011593 
664 0.5602777834507873 
660 0.5094829026463674 
656 0.5169881723330435 
652 0.5228730682870096 
648 0.4921989027642215 
644 0.5268697395920777 
640 0.5268075792611192 
636 0.5614027255878808 
632 0.5198083271942292 
628 0.5088408569278967 
624 0.4352803853614144 
620 0.3999685337044046 
616 0.3698170072761813 
612 0.364334558557164 
608 0.3584275512808102 
604 0.4010295018301364 
600 0.4101875840634033 
596 0.4447927893614955 
592 0.4322363363851426 
588 0.447585130283927 
584 0.4427377378155447 
580 0.4975891484552268 
576 0.5414686498449344 
572 0.550065329651284 
568 0.490406485337546 
564 0.5267556284418894 
560 0.4940199724245795 
556 0.5883455598248442 
552 0.6577448933650798 
548 0.6577833090644252 
544 0.7160804607503073 
540 0.6872794629834627 
536 0.7071313663404291 
532 0.6465325964119082 
528 0.6226419647323334 
524 0.5936966056975015 
520 0.5915092902075493 
516 0.5648073161265473 
512 0.5592403524317922 
508 0.5582198614612771 
504 0.5880862954027534 
500 0.5335316377153393 
496 0.5755765977457156 
492 0.5634834827203997 
488 0.5649631618957924 
484 0.4834388534516355 
480 0.5372967085029661 
476 0.5306094962267873 
472 0.5213377033023842 
468 0.4523996656645183 
464 0.4562471592012 
460 0.4296913092505024 
456 0.4708987153025979 
452 0.5125049459581573 
448 0.4624557305532302 
444 0.470186679113877 
440 0.4321793844685353 
436 0.5237990860647375 
432 0.5146874977047369 
428 0.5035734666944259 
424 0.478354469885667 
420 0.5135211848232816 
416 0.5895172502429485 
412 0.5913579790687307 
408 0.610285214421403 
404 0.6027875418454371 
400 0.4417223920589926 
396 0.4768453673387496 
392 0.5206696678725728 
388 0.5531471929565855 
384 0.5677241448996554 
380 0.5271352755425467 
376 0.6783973314027597 
372 0.6318118797235086 
368 0.5934646169563484 
364 0.5668619639846521 
360 0.5469283672493001 
356 0.5023353448802899 
352 0.517187751751515 
348 0.5621245878430383 
344 0.5855421943672089 
340 0.5323328334954117 
336 0.556274958461818 
332 0.4937527318460067 
328 0.5072688222623186 
324 0.5821996213203461 
320 0.6254389203185473 
316 0.6001566656612122 
312 0.5472888622160129 
308 0.7973537011368799 
304 0.8729886207048497 
300 0.9544470710059197 
296 0.9682220277107176 
292 0.9688030824602603 
288 0.9821986728242039 
284 0.9941051812293216 
280 0.9350334838428498 
276 0.8716597765527306 
272 0.8920927876896776 
268 0.9095803149650664 
264 0.7234593985960883 
260 0.5087117680627313 
256 0.4493691843266035 
252 0.5291520327149131 
248 0.5400976246428761 
244 0.5968654279921203 
240 0.6954487619715 
236 0.8376214873795176 
232 0.9357758619156024 
228 1.180722069926319 
224 1.170732695001865 
220 0.9212883580675979 
216 1.521547687234224 
212 1.265860396041611 
208 1.026356108366076 
204 1.096449747662668 
200 1.02306921784937 
196 0.9426914913915857 
192 0.7669523921654371 
188 0.7903561455939503 
184 0.8079582818989237 
180 0.8356826762862555 
176 0.8819159157963865 
172 0.859384560309755 
168 0.8991753647552483 
164 0.8288541821834643 
160 0.747961569231077 
156 0.6721997301475671 
152 0.6429488334535222 
148 0.5808293813577122 
144 0.6152982837642442 
140 0.6242597023927182 
136 0.641708724630907 
132 0.8917166977901332 
128 0.9544561648798997 
124 0.9511139251325603 
120 0.7980422282222075 
116 0.8626286855741594 
112 0.8538350502362412 
108 0.8673559626535788 
104 0.8464818002679985 
100 0.747784474101339 
96 0.7536666419125593 
92 0.8521695671064474 
88 0.727077012354816 
84 0.7842015088076552 
80 0.741607318978217 
76 0.6278289214869573 
72 0.6609010024129351 
68 0.6898907201810645 
64 0.7926543031069441 
60 1.029718742112185 
56 1.04062684160905 
52 0.9754648894381469 
48 0.9925058317207438 
44 0.9918208467093083 
40 1.703384239681426 
36 1.515595634615749 
32 1.275208421367657 
28 0.9838996967127984 
24 0.8466565042426879 
20 0.980531103837499 
16 0.7687057410418249 
12 0.8954817577072958 
8 0.8747617045397914 
4 0.7190403577347353 
