1200 0.006739240635356557
1196 0.006826978171313369
1192 0.007161173318670903
1188 0.006051348732755256
1184 0.00598033933148431
1180 0.005688129839025719
1176 0.005459415301899223
1172 0.005343816318044141
1168 0.005282681867618136
1164 0.005403182482745453
1160 0.005461915756550926
1156 0.005435412842752775
1152 0.005493449553038335
1148 0.005629789002914848
1144 0.005736526344942637
1140 0.006324365666613376
1136 0.006890659821463304
1132 0.007924196175645097
1128 0.009543274545335099
1124 0.01054100448465026
1120 0.01117609736000219
1116 0.01179001449870902
1112 0.01249120644535659
1108 0.0132090204945521
1104 0.01329368921739632
1100 0.01401887401527134
1096 0.01410638642702916
1092 0.01482007042849535
1088 0.01518696040166553
1084 0.01522345183458684
1080 0.01529423466372711
1076 0.01582983152359296
1072 0.01546349457671264
1068 0.01541400214829797
1064 0.01528295485975696
1060 0.01543255709762764
1056 0.01533375344175245
1052 0.015288409891202
1048 0.01515652873452552
1044 0.0150391793780152
1040 0.01636654515162731
1036 0.01764773946575421
1032 0.01771623765496279
1028 0.01797324746881266
1024 0.01805296081201464
1020 0.01811754454971313
1016 0.01718337870282513
1012 0.01640468787818126
1008 0.01654185153857358
1004 0.01660616852731887
1000 0.01651274497170466
996 0.01647771895475532
992 0.01686806365629631
988 0.01727139420741958
984 0.01778319641902091
980 0.01826996891504961
976 0.01870206589262248
972 0.01876730805726944
968 0.01832504671334559
964 0.01922888431445617
960 0.0201030782125369
956 0.02142831393801111
952 0.0224994456213581
948 0.022460262543178
944 0.0224520191359617
940 0.02280774874863546
936 0.02318514676818144
932 0.02388229842972008
928 0.0246857962498119
924 0.02543426959099983
920 0.02579876328926945
916 0.02613843546274964
912 0.02618179348456805
908 0.0255971778852626
904 0.02456897508417697
900 0.02456535687904086
896 0.0245555289653547
892 0.02440974580380886
888 0.02429804829817235
884 0.02488113694294742
880 0.02553335960232216
876 0.02647884831046288
872 0.02731036810015978
868 0.02768528323783506
864 0.02794994961976636
860 0.03014502023836189
856 0.03233829921952635
852 0.03035008276200605
848 0.02789265360702528
844 0.02798254513862023
840 0.02808226345574537
836 0.02952691540745823
832 0.03026158997392819
828 0.03183660286821086
824 0.03410788279096193
820 0.03543560911276133
816 0.03556606353021068
812 0.03572794632048995
808 0.03633445170552706
804 0.03691398967002803
800 0.03648031936440246
796 0.03644629448104457
792 0.0363175757474078
788 0.03661571686534282
784 0.03749245903043685
780 0.03876189712966185
776 0.03937074024043002
772 0.04031139578521324
768 0.04175388460339206
764 0.04345345570707832
760 0.04513372164972788
756 0.04769298596617073
752 0.04808839279715663
748 0.04858067790384225
744 0.04952841878529293
740 0.05052292031428884
736 0.05340744239482175
732 0.0558905625237955
728 0.05648722514338036
724 0.05703533806839252
720 0.05746674143005324
716 0.05785890001673209
712 0.05956965842099096
708 0.06113197997660224
704 0.06127588773483922
700 0.06142086779395826
696 0.06167844600167191
692 0.06199284806336761
688 0.06630021520389326
684 0.06669109204005681
680 0.06712118159592853
676 0.06831246253688186
672 0.0697893499529106
668 0.07153257072855333
664 0.07313831080498946
660 0.07489475588971022
656 0.07663173681265145
652 0.08129356964413074
648 0.08586228037444921
644 0.08705957712469935
640 0.08814890711751142
636 0.09060776784805807
632 0.09285113660053418
628 0.09524725361111779
624 0.1010591948150362
620 0.1046478311771314
616 0.1079351952445198
612 0.1087489528803716
608 0.1094419230231942
604 0.109931594549411
600 0.1103776738207389
596 0.1110490682829497
592 0.1114361973120663
588 0.1133068624260262
584 0.1155738341398458
580 0.1183392317457292
576 0.1211287011062341
572 0.1222120552596448
568 0.123799403884629
564 0.1251822614319883
560 0.1263124060799158
556 0.1319502126012636
552 0.1333806270801388
548 0.1348343337281659
544 0.1362504760298338
540 0.1377497494963222
536 0.1384858247271758
532 0.139292367642896
528 0.138671373325324
524 0.1380515103662754
520 0.1384848337701762
516 0.1393409481791356
512 0.1394764377858571
508 0.1404838839367758
504 0.1405294951048497
500 0.141112466165165
496 0.1436030093996454
492 0.1461277818683135
488 0.149338050942248
484 0.1533021254330318
480 0.1542211630259405
476 0.1551351479766907
472 0.155745256858564
468 0.1564068878717587
464 0.1552771244837725
460 0.1543701432702552
456 0.154460633089335
452 0.1538870013986598
448 0.1531572614875004
444 0.1539081943411132
440 0.154790684220375
436 0.1553900005943802
432 0.1559191290510594
428 0.1571398053730948
424 0.1581297997207153
420 0.1578999024522995
416 0.160904400145166
412 0.1604851636782237
408 0.1632271052663832
404 0.1650100845626085
400 0.16666957533553
396 0.1672405308201792
392 0.1689546737744406
388 0.1710101028660529
384 0.17287890060174
380 0.1725644756083067
376 0.1722414790008966
372 0.1726743254762679
368 0.1729917808934801
364 0.1734276183614143
360 0.1738206889872886
356 0.1765533778237647
352 0.1774567700850099
348 0.1827202069739225
344 0.1833999794860711
340 0.1842063274882916
336 0.1845929395758449
332 0.1849051677710919
328 0.1847322254016535
324 0.1856127175940503
320 0.1864319466321715
316 0.1876236891692339
312 0.1888604855688856
308 0.1914419535189333
304 0.1919728555078711
300 0.1926622460822882
296 0.1928552379966993
292 0.1933736794996106
288 0.1942140459571347
284 0.1950304559534183
280 0.193743940728912
276 0.1929524633503268
272 0.19292334118959
268 0.1929402087005999
264 0.1927169827535575
260 0.1936573980653346
256 0.1946729101712187
252 0.1946754189394594
248 0.1945844971114713
244 0.1954599641112648
240 0.1962148300553057
236 0.1962628509641629
232 0.1963719226902903
228 0.1954996115586864
224 0.1951999338737138
220 0.193258256243675
216 0.1892197215975702
212 0.1895787622677498
208 0.1900773678822811
204 0.1911093337518471
200 0.1912519468348911
196 0.1912210084952251
192 0.1907321342492072
188 0.1892713585351601
184 0.1884981172473289
180 0.1880159560316333
176 0.1800912691554596
172 0.1740367712275048
168 0.1733454824134126
164 0.1727103626489956
160 0.1718439964440177
156 0.1684346938596806
152 0.1641243000207175
148 0.1591203540909846
144 0.1561070358066272
140 0.1541255515053728
136 0.1406810749258874
132 0.120213901638754
128 0.114892842931574
124 0.1105810369814629
120 0.09969702859976336
116 0.09487851108788714
112 0.09005485289592567
108 0.08649385972793684
104 0.07953632158019962
100 0.06865823677119995
96 0.06246635369335833
92 0.05541268425537329
88 0.05121558837597251
84 0.04895975882348947
80 0.0464651807693239
76 0.03348925304289439
72 0.02759004980715633
68 0.02087466044204204
64 0.003328033203935199
60 0.03798711855447105
56 0.04547616595100269
52 0.07173088247515816
48 0.1100879060870691
44 0.1284204238834494
40 0.1527559764706397
36 0.1710000091474782
32 0.1747282210919194
28 0.1797629058186231
24 0.1873959938726921
20 0.2080335907734049
16 0.4321087881208833
12 0.5032627208071554
8 0.5080169954350935
4 0.7004178327909566
