1200 0.01305120186367747
1196 0.01389565238486243
1192 0.01450098227263583
1188 0.01151328722040973
1184 0.009564288965557527
1180 0.009723309006653453
1176 0.00969626734175069
1172 0.009526850439662901
1168 0.009489033932596012
1164 0.01014476414629805
1160 0.01049289626097478
1156 0.01044766192745581
1152 0.01035281759040511
1148 0.01119850014447441
1144 0.01185242804340128
1140 0.01280824811037172
1136 0.01339255501133506
1132 0.01413270571163579
1128 0.01575192096592142
1124 0.0169177269960543
1120 0.01789483095432428
1116 0.01900179612511662
1112 0.01980372110669633
1108 0.02065315115780324
1104 0.02076238876260594
1100 0.02189601755408877
1096 0.02208011357658271
1092 0.02318843282204478
1088 0.02371451704121289
1084 0.0234855156432409
1080 0.02348023299778091
1076 0.02405304795849889
1072 0.02356511821804438
1068 0.02359143443842968
1064 0.02341924004174036
1060 0.02379196384058377
1056 0.02336461798120727
1052 0.02341568562944404
1048 0.0231651668475973
1044 0.0229134623721837
1040 0.02434632742613597
1036 0.02530217093331476
1032 0.02463067641159057
1028 0.02532731746045341
1024 0.02550594214825224
1020 0.0255820970390226
1016 0.02430246249718596
1012 0.02350916045838454
1008 0.02371056717704306
1004 0.02361687512886436
1000 0.02359400254512521
996 0.02345843011947671
992 0.02395966907769089
988 0.02443625059686419
984 0.02497734823875683
980 0.02534433548341532
976 0.02504946550842038
972 0.02500105434420923
968 0.02422897337521831
964 0.02516711281158592
960 0.02611707221294378
956 0.02744376850125706
952 0.02864820722404861
948 0.02876730310374229
944 0.02894731374014205
940 0.02934986092124845
936 0.02955327801022449
932 0.03002376030249621
928 0.03033748027123132
924 0.0315232462605654
920 0.03169520956511071
916 0.03204672237993927
912 0.03198547120727641
908 0.03132084299615584
904 0.02980891670173532
900 0.0297787417919454
896 0.02958772231002079
892 0.02928883254328431
888 0.02901357775685074
884 0.02955082037374406
880 0.03012690100178388
876 0.0313335289969246
872 0.0318820043324493
868 0.03227002145605282
864 0.03265853440211325
860 0.03540073757619668
856 0.03778350801096559
852 0.03662864094117384
848 0.03215956789679973
844 0.03218346336659133
840 0.03269942651383934
836 0.03416522796228188
832 0.0351567731263867
828 0.03652946674436518
824 0.03802566184859178
820 0.03841472156378271
816 0.03821196094859569
812 0.03815339424521483
808 0.03929307355378747
804 0.04003454663295608
800 0.03983356495667713
796 0.03987189711196136
792 0.03967584634615356
788 0.0399884576511409
784 0.04114301384531965
780 0.04191741704994589
776 0.04255555061828581
772 0.04353026792222769
768 0.04477184713053187
764 0.04657939276959683
760 0.04856003073785422
756 0.05063680724416873
752 0.05301859444176138
748 0.05354271887072313
744 0.05446568933031466
740 0.05575092078088184
736 0.05872665039395095
732 0.06130892294497301
728 0.06191563205816806
724 0.06251798228079632
720 0.06283803886527194
716 0.06274776879580521
712 0.06462602800015198
708 0.06619198390873657
704 0.06648095054714323
700 0.06670822900553303
696 0.06699271064611213
692 0.06731682727796712
688 0.07177888242796746
684 0.07247159295677377
680 0.07283110316218867
676 0.07415310307306616
672 0.07553014314193394
668 0.07733728251606882
664 0.07873145624542274
660 0.08037560816845717
656 0.08208069967493768
652 0.08684262491305997
648 0.09096468655551603
644 0.09241247881224027
640 0.09379351115490893
636 0.09605452833304397
632 0.09794718232226732
628 0.1001371596308058
624 0.10530554078635
620 0.1086364397745628
616 0.1120288965574981
612 0.1127025151074312
608 0.1132718971513157
604 0.1138547709153209
600 0.1142923718226615
596 0.114701304712415
592 0.1151143453347434
588 0.1169012608959573
584 0.1186426489307602
580 0.1215814129791386
576 0.1241441901496461
572 0.1251244125826519
568 0.1288881351665472
564 0.1303729431803074
560 0.1313221362668765
556 0.1371268131252747
552 0.1382745766588862
548 0.1394036885342175
544 0.1411557979027126
540 0.1422295863586818
536 0.1426648935997047
532 0.1431589713171967
528 0.1420433382379727
524 0.1411287821929965
520 0.14182690576764
516 0.1428084720057922
512 0.1427693565064254
508 0.1444395010812137
504 0.144710326676399
500 0.1456601220510099
496 0.1467740876518436
492 0.1489213167339322
488 0.153088853910005
484 0.1569454250035542
480 0.1567325958322721
476 0.1576086419249483
472 0.158040434294285
468 0.1592102024431308
464 0.1581116632388216
460 0.1576393445055946
456 0.1579257190201011
452 0.15765863365183
448 0.1576494335458506
444 0.1585551589736847
440 0.159371819037556
436 0.1588642006223671
432 0.1591273472854053
428 0.1598394490281662
424 0.1609194743315642
420 0.1605741867106452
416 0.1635115222321268
412 0.1631894298135658
408 0.1673744968585587
404 0.1678773731917427
400 0.1707808543192883
396 0.1706083287394841
392 0.1719803558654864
388 0.1745799326610045
384 0.1763945377015773
380 0.1759106799513339
376 0.1759287853323206
372 0.1767648907615817
368 0.1774609231408714
364 0.1779304060747625
360 0.1781715949161243
356 0.1810023927550148
352 0.1824163218019864
348 0.1878520278621096
344 0.188932240288262
340 0.1903784668390505
336 0.1901230441951396
332 0.190538574276286
328 0.1908563394199035
324 0.1914843956682827
320 0.1920742850351635
316 0.1940815870778168
312 0.1952351445373732
308 0.1976955439867642
304 0.1991003896508882
300 0.2000477272649084
296 0.2003485214948797
292 0.2008601746059527
288 0.2007101729899021
284 0.2002907343916066
280 0.1981433112030536
276 0.1967265031361864
272 0.1967007374963944
268 0.1965693476809038
264 0.1955188435978351
260 0.1970717133728057
256 0.197774452113212
252 0.1982017940647982
248 0.1985125557492545
244 0.1990068019967801
240 0.1999955703847239
236 0.1996186841887992
232 0.1996262180667402
228 0.198561766054386
224 0.1984743029405804
220 0.1987759583969266
216 0.1948035426248146
212 0.1944946936126393
208 0.1945446590576228
204 0.1955469467811918
200 0.1956722068495566
196 0.1948699305257018
192 0.1939607319948954
188 0.1934223263518163
184 0.1927371430050472
180 0.1917899776832646
176 0.1820772653736782
172 0.1778680090102084
168 0.178022407837393
164 0.1771661086923577
160 0.1757440186852389
156 0.1720232849953188
152 0.1673029067202049
148 0.1630142747694676
144 0.1600793076770231
140 0.1582377279156834
136 0.1479119125971705
132 0.129268738244164
128 0.1237991871001808
124 0.119276836114272
120 0.1079559079168462
116 0.1029334979701638
112 0.09789805147363687
108 0.09448888895055998
104 0.08656329379039047
100 0.07739983875403697
96 0.07079119943914704
92 0.06143980992973448
88 0.0560211299796398
84 0.05275256582661685
80 0.05003498480308287
76 0.03727836993607136
72 0.03155220527138854
68 0.02487495835671782
64 0.008900514136092583
60 0.04673246519862796
56 0.05379059115378358
52 0.07752548453436403
48 0.1150416652192239
44 0.1338853808193369
40 0.1562097933295802
36 0.1755183755766239
32 0.1789085181954282
28 0.1832178928759975
24 0.1906613231652474
20 0.2119839414873819
16 0.4412996205042458
12 0.5116336447656398
8 0.5165847479302077
4 0.7002644293862145
