1200 6.226597757389002
1196 5.985065507555874
1192 5.777966636924356
1188 6.317711778987951
1184 6.72586334377453
1180 6.762488515398198
1176 6.793726341557616
1172 6.61783264969958
1168 6.415318130558352
1164 6.296192802081353
1160 6.229175512845178
1156 6.129511500178531
1152 6.070079894893267
1148 5.180823868405257
1144 5.079874701461977
1140 5.063988509644365
1136 4.915355918766219
1132 4.710874418859966
1128 4.501053482830592
1124 4.571818988885166
1120 4.317146120756393
1116 4.125042844418465
1112 4.09127407543158
1108 4.128726496667888
1104 3.979411129155047
1100 3.972017199170524
1096 3.945852017645539
1092 3.886920013863177
1088 3.903071532432389
1084 3.953594038472348
1080 4.045383433941081
1076 4.060167107596815
1072 3.966285405770997
1068 4.125218175280092
1064 4.170373071623331
1060 4.55281799417513
1056 4.515956903853316
1052 4.318081475954106
1048 4.351400962163504
1044 4.404366061700934
1040 4.018933840921933
1036 3.70911293144724
1032 3.695118237008041
1028 3.604292134558908
1024 3.624657347843032
1020 3.624553040864537
1016 3.65847307459828
1012 3.697104492289303
1008 3.632136707122358
1004 3.594150764174931
1000 3.574560420866797
996 3.535408247005282
992 3.587535466479645
988 3.595771430687434
984 3.469710391807147
980 3.383191743770877
976 3.308610250516967
972 3.377509127405763
968 3.50528281711717
964 3.361481174983965
960 3.267556936081957
956 3.97602092882171
952 4.576810798227039
948 4.75249405435164
944 4.906250448659625
940 4.882653776620439
936 4.882818220308055
932 4.815685912243087
928 4.69564548776971
924 4.565565323142316
920 4.439332998916589
916 4.324309275856759
912 4.223348703528865
908 4.258473035017737
904 4.348639505467577
900 4.365404449101148
896 4.339941952023002
892 4.383563368419127
888 4.493957494910862
884 4.389900875033955
880 4.382222872722831
876 4.274214120688093
872 4.16808528003376
868 4.37903022227317
864 4.448163545643177
860 4.48210910376623
856 4.534859909478984
852 5.483584370462778
848 6.25372382149246
844 6.103536446996201
840 5.915361886571266
836 5.923925982006751
832 5.829837517103705
828 5.805972906685004
824 5.59314078961036
820 4.984726247982648
816 4.728616928933779
812 4.571880318645523
808 4.509727835295442
804 4.556130753568639
800 4.428876164286031
796 4.475372019224696
792 4.471441829909292
788 4.624061678290706
784 4.448028171695901
780 4.067968054387847
776 4.113219791931098
772 3.628296834309609
768 3.391442873719609
764 3.203287130622564
760 2.988724420131183
756 2.746955219177722
752 3.151188353482435
748 3.632116767075462
744 3.292074850400094
740 3.038819521449186
736 3.196209629263575
732 3.357373346874537
728 3.362085016401423
724 3.408959978483558
720 3.268109895604737
716 3.131314691688226
712 2.832749774485074
708 2.53300055948889
704 2.483648184493886
700 2.536304285313919
696 2.544890628392728
692 2.577282014147195
688 2.477395045147322
684 2.430892232529267
680 2.423611907618572
676 2.599769325399598
672 2.731402213205899
668 2.688784957671087
664 3.162829324218649
660 2.82882559940228
656 3.362066012268665
652 3.398452383781599
648 3.547465227314246
644 3.506226464450874
640 3.39537487546805
636 3.236953887946648
632 3.04258260424328
628 3.066535939336328
624 2.937115333863427
620 2.551340969146845
616 2.552166478744223
612 2.51281908718901
608 2.437868571730165
604 2.426554431418908
600 2.515927540513667
596 2.549693839874208
592 2.546664604391294
588 2.553858846815986
584 2.517798220554322
580 2.385036727028117
576 2.284137690709135
572 2.936729122456673
568 3.610063581435249
564 3.8946149583012
560 3.998017223906225
556 3.441081520190759
552 3.38442900042618
548 3.495776784975336
544 3.812645183140868
540 4.133860503410412
536 4.16581095062426
532 4.183760483344018
528 3.773149052777732
524 3.584066798160608
520 3.665820472739753
516 3.475360963846518
512 3.512646303521331
508 3.224837940227526
504 3.003132069765722
500 2.956952451308765
496 2.97187185799738
492 3.176533492798532
488 4.058789424215044
484 4.792791169075641
480 4.801711954059527
476 4.670855795895843
472 4.348539556263657
468 4.02458566907996
464 3.868361205696079
460 3.768907159907208
456 3.767946418752584
452 3.727362012146508
448 3.857323199881316
444 4.174871685906821
440 4.507309580114653
436 3.801171060609522
432 3.255553588606532
428 3.190997311932783
424 2.997700488057034
420 2.903611203559807
416 3.92601370254597
412 3.874716696029155
408 5.292962883005157
404 4.45295306950241
400 4.155743530011334
396 4.047497485418733
392 3.993486423832762
388 3.401367647400656
384 2.799327371355043
380 2.524580891238194
376 2.518980555750968
372 2.645047818087281
368 2.891369688508985
364 2.902277479779136
360 3.000525144066482
356 2.552785396524632
352 2.297664771057102
348 2.601547348941825
344 2.612513416804989
340 2.616071213851634
336 2.618835886909877
332 3.013124410908353
328 3.066626015425449
324 2.646577124615096
320 2.39289319770182
316 2.525060643788312
312 2.365761661468588
308 2.275986856969144
304 2.382004104580943
300 2.495566283516049
296 2.651835421194865
292 3.172870583653439
288 3.328871942041219
284 3.469068526690394
280 3.317213296930072
276 4.149906990498759
272 4.107058578469246
268 4.045251474637211
264 4.033874042612579
260 3.306587250655854
256 3.804663214822277
252 4.014662008779895
248 3.72018652697068
244 4.938558685374214
240 5.791455300420913
236 5.315871408705316
232 5.065781661023572
228 5.413718407412844
224 5.347946765786272
220 5.744296868230408
216 6.551749626309025
212 5.460278669680755
208 4.932241588959771
204 4.697621892034223
200 4.737550966047858
196 4.768643440738445
192 5.062170283446742
188 4.981518094959348
184 4.727528168310482
180 4.57852069459975
176 3.517328081107502
172 2.6246889459519
168 3.184244151303383
164 3.489098930098469
160 3.065360552356831
156 2.601531131939527
152 2.715870162630876
148 2.877696372212209
144 2.803420994959961
140 2.743750947218204
136 3.610792285683752
132 5.786399715511092
128 4.43632645546142
124 3.914311712515286
120 4.343774264188228
116 4.344663808156481
112 4.866367446114769
108 4.888364111179738
104 4.764825069580164
100 4.308981933051146
96 4.545106259764477
92 2.674923292774809
88 1.925477991549437
84 2.094572855810507
80 2.104819967080291
76 1.248506350079323
72 1.447148088644912
68 1.739635178674559
64 3.026959799587134
60 6.053143373392317
56 6.551832592045498
52 6.521866448862887
48 7.685438237976326
44 10.02751074775031
40 7.173608982713525
36 3.916488370750766
32 3.381850005025602
28 1.722695221381215
24 0.7283150578929192
20 0.4187225083077954
16 0.6191732122264608
12 0.4268266347741944
8 0.4391621603288487
4 0.6047769204685896
