1200 7.888616297680888
1196 7.651691593023044
1192 7.502094689893194
1188 7.960210316765036
1184 8.377833008097522
1180 8.294531402664315
1176 8.294150560395309
1172 8.088810483992203
1168 7.801317599157718
1164 7.707042452043635
1160 7.662405996308985
1156 7.590305348090647
1152 7.50730914932744
1148 6.391618589594802
1144 6.29417150149354
1140 6.280314954769604
1136 6.136466944076745
1132 5.901940338180856
1128 5.650302620076675
1124 5.751272829895918
1120 5.468247956135204
1116 5.257575766477107
1112 5.241176366979129
1108 5.310052101083407
1104 5.160539185607964
1100 5.092633139828638
1096 5.040438674626606
1092 4.983296447378127
1088 5.0272332207982
1084 5.153179335293486
1080 5.320025202923683
1076 5.327073335074187
1072 5.192382949902533
1068 5.34542735981294
1064 5.393703659928358
1060 5.837168688461718
1056 5.793200725352727
1052 5.608508937938425
1048 5.67364230452584
1044 5.752153006011509
1040 5.2298512066775
1036 4.814661484886368
1032 4.826424768724455
1028 4.779938259468056
1024 4.80864880907296
1020 4.838357889717366
1016 4.883954237689255
1012 4.962024892750631
1008 4.882151025856388
1004 4.824931580507395
1000 4.814647487575809
996 4.766654207339285
992 4.810994791369372
988 4.823726622059651
984 4.668443547902096
980 4.508772784399701
976 4.424220556228661
972 4.47332324674765
968 4.705588164906218
964 4.447091889253984
960 4.269180238430944
956 4.944215565135996
952 5.588482077199635
948 5.773062651084179
944 5.958083053200649
940 5.935430541147449
936 5.887971400601399
932 5.741689098074703
928 5.618162712628929
924 5.590105916710536
920 5.516207400594111
916 5.442583492845181
912 5.331316085347613
908 5.407920058091313
904 5.624784541898295
900 5.66524528636999
896 5.662373757029766
892 5.804977795565336
888 5.988284413453427
884 5.972921396207924
880 6.069725826576165
876 5.798981507459039
872 5.651148174125812
868 5.813580293616615
864 5.827291555016623
860 5.808150820325267
856 5.816155454756109
852 6.65942513720119
848 7.421964588600458
844 7.342843804538963
840 7.218990868675523
836 7.319220148258572
832 7.251983403715939
828 7.339290593815536
824 7.508147486220341
820 6.88404142397826
816 6.520038990612148
812 6.202440067834461
808 6.102274454693946
804 6.125668741362448
800 5.971308993069241
796 5.983867328541303
792 5.936134794409608
788 6.13242676387246
784 5.852833636296562
780 5.356885681832506
776 5.33316675231042
772 4.854586502237342
768 4.607888796759336
764 4.37858020264021
760 4.094615626277657
756 3.91721945708854
752 4.404463601579989
748 4.955398992430581
744 4.442435589567003
740 4.043555592749138
736 4.216124420234596
732 4.406072075712576
728 4.406446716327275
724 4.447817050015953
720 4.259574947149949
716 4.027231864400831
712 3.850595729869478
708 3.511427202401933
704 3.470343541793309
700 3.524680479582992
696 3.532111440639986
692 3.55871007554534
688 3.488317860265751
684 3.489150410720124
680 3.537431576032684
676 3.781451512893637
672 4.01195741728962
668 3.963531177607908
664 4.505674803888605
660 4.095693961065854
656 4.699214473901649
652 4.544672240257429
648 4.62938568087934
644 4.591705764939248
640 4.530091409884041
636 4.316353228595006
632 4.006853037789351
628 4.013450897290892
624 3.943995811400843
620 3.570172594359757
616 3.548311553734459
612 3.523317397254327
608 3.491378124741553
604 3.529409453634309
600 3.640243331508038
596 3.714637984006479
592 3.724163463760421
588 3.748343471978892
584 3.632724185400085
580 3.545230239159662
576 3.35171547739126
572 3.944278679683332
568 4.663520312339949
564 4.923524952354147
560 5.052438407782487
556 4.730710271374025
552 4.634320421194027
548 4.822257292827159
544 5.13519395192244
540 5.5180079199266
536 5.556227163509464
532 5.584638464702931
528 5.205607182404555
524 5.039350582625635
520 5.200242144202394
516 5.084864115382935
512 5.168744193529234
508 4.732564714749126
504 4.440747877732428
500 4.396350133307315
496 4.338499197805921
492 4.416448587059509
488 5.146488744353631
484 5.806888016293017
480 5.749296870405702
476 5.676276466067294
472 5.35498466888318
468 5.071472291023822
464 4.872131106029428
460 4.746168760686488
456 4.813325621005622
452 4.696250884746101
448 4.964482745358112
444 5.511564376886749
440 6.02587435046644
436 5.244267789687723
432 4.424156043297149
428 4.195044638992983
424 3.904206898773118
420 3.844273050204103
416 4.771483916992081
412 4.661379252746611
408 6.061627546597462
404 5.296715863282334
400 5.007990850736982
396 4.929492111573576
392 4.871089224141233
388 4.186665137610836
384 3.610560959266659
380 3.536695723071793
376 3.60047769470484
372 3.909902208321446
368 4.268875472107401
364 4.209079780325919
360 4.193408303320897
356 3.62838188627813
352 3.142328090590373
348 3.467070173245991
344 3.398303236776192
340 3.086822943177047
336 3.64015335969569
332 4.141217156471114
328 4.276873294870471
324 3.736951706986592
320 3.37435494750647
316 3.215935394066795
312 3.031215105098231
308 3.201285576638327
304 3.25813013948779
300 3.382446219725588
296 3.592444909898438
292 4.080934070431812
288 4.034621695988849
284 3.937838513909745
280 4.434238607488834
276 5.003414283798362
272 4.974525050668406
268 4.943994161396429
264 5.025713252501731
260 4.578133943592299
256 5.476425873091999
252 5.51031908510809
248 5.293524516539225
244 6.991758927804285
240 8.448589287834302
236 7.778442243738231
232 7.10973869994514
228 7.528416078414891
224 7.44297570952495
220 7.949822553977181
216 9.297246158080053
212 7.259497943983075
208 5.68918206632112
204 5.101114270398581
200 4.786281580406689
196 4.525446028487433
192 4.657914043504451
188 4.628900008301097
184 4.186142906625155
180 3.920795919862647
176 4.208618462220288
172 3.29816183755658
168 3.840045218234111
164 4.156609932940075
160 3.723689036134123
156 3.146992358015068
152 3.071405472305366
148 3.509850603274318
144 3.475983565167641
140 3.437569940691034
136 5.13795823923287
132 7.185785603407629
128 6.038345170526201
124 5.387117879562382
120 5.809664874335144
116 5.650210588111887
112 5.392163234768892
108 5.499950747836672
104 5.105019106244495
100 4.184559718340777
96 3.812387271817118
92 2.743955078809864
88 1.723117719863037
84 2.006163104931798
80 2.449667518214227
76 0.9241214723158968
72 1.180689628323932
68 1.30325819501456
64 3.129674940464913
60 8.047679563830789
56 8.794272277687313
52 8.621594109602558
48 7.280442693320506
44 8.917841158100831
40 6.688305168100855
36 5.820224989350126
32 4.860913757089474
28 2.244080872969139
24 0.503230171835732
20 0.3632280235367192
16 0.5175245214151549
12 0.4678154979236945
8 0.4831899687687446
4 0.5180914143297114
