100 0.0002713943675490512
99 0.0002766133166398265
98 0.0002872501192080693
97 0.0002912216989621764
96 0.0002924229771508291
95 0.0002946130435247544
94 0.0002954448479314467
93 0.0002855341805928184
92 0.0002750190779398223
91 0.0002715563390317638
90 0.0002706415587062266
89 0.00027101248783203
88 0.0002709508682314915
87 0.0002727496764236894
86 0.0002678316854159913
85 0.0002501904534664938
84 0.0002406580120298992
83 0.0002318862776161856
82 0.0002300042385868289
81 0.0002291159932958735
80 0.0002271377987309574
79 0.0002253525854523052
78 0.0002049663154373725
77 0.0001907005098915457
76 0.0001897873034955593
75 0.0001886234012629664
74 0.0001889420370930175
73 0.000190085042903446
72 0.0001909022617302274
71 0.0001919698229580592
70 0.0002170974708957131
69 0.000254540510126237
68 0.0002573515016555466
67 0.0002644373209517337
66 0.0002654732544990341
65 0.0002731087200561111
64 0.0002791579537887832
63 0.0003222496780028684
62 0.0003478503907952936
61 0.0003524125989610894
60 0.0003566470988969844
59 0.0003633039949387056
58 0.0003686427881010769
57 0.0003682870490149723
56 0.0003767576624071992
55 0.0003620485864985867
54 0.0003464303875300424
53 0.000350290065102308
52 0.0003598176154691567
51 0.0003607054677052279
50 0.0003526386814705054
49 0.0003476558257461406
48 0.0003482515101077214
47 0.0003611722783505989
46 0.0003629994413550221
45 0.0003646121530650115
44 0.0003510968983226819
43 0.0003544860726330028
42 0.0003404623854915577
41 0.0003292934041668887
40 0.0003230948361376604
39 0.0003162314264484492
38 0.0003231811874571016
37 0.000350735894843444
36 0.0003776455909010275
35 0.0004093953160902172
34 0.0009523298601261257
33 0.001194559785349082
32 0.001298213015973393
31 0.001793829121242982
30 0.001791180108269174
29 0.001786176768129694
28 0.00177534572871615
27 0.001772229584651043
26 0.001759184125713347
25 0.001746365498189807
24 0.00174336124203502
23 0.001527969303174974
22 0.001506678926510411
21 0.001408233114456089
20 0.001395201794322972
19 0.001394101969602844
18 0.001439288158392607
17 0.001489735654767399
16 0.008324885651176018
15 0.01438175597183908
14 0.01429052007677
13 0.01419479479925613
12 0.01409636684423784
11 0.01406736793696008
10 0.01231208554254179
9 0.01161897571214894
8 0.01216686718967384
7 0.01228207560035253
6 0.01239664261208484
5 0.08532170175071728
4 0.1268936613574438
3 0.1233826701707344
2 0.07946628489903491
1 0.07264182282879111
