100 0.0005366169621837394
99 0.0005455017767500798
98 0.0005573879295987678
97 0.0005629768750700536
96 0.0005675928029329717
95 0.0005714359731173204
94 0.0005739147854034495
93 0.0005610431792088377
92 0.0005429749997142541
91 0.0005393916604308678
90 0.0005285040311214011
89 0.0005266022577888555
88 0.0005247622906669351
87 0.0005444292477812975
86 0.0005177905195784376
85 0.0004910781148067361
84 0.000488870058969074
83 0.0004865714082984866
82 0.0004837182155816096
81 0.0004810631300549
80 0.0004747760694929477
79 0.0004711754328371577
78 0.0004475958899623872
77 0.0004307822934873558
76 0.0004308322771810793
75 0.0004309109571509163
74 0.000411207582372284
73 0.0003857422586232268
72 0.000386226318449769
71 0.0003866828910167989
70 0.0004020579675073713
69 0.0004178203065974292
68 0.0004178758160437654
67 0.0004179793596590059
66 0.0004283920280927668
65 0.0004312494049438281
64 0.0004348024442612762
63 0.0004724072178573669
62 0.0004991054697844096
61 0.0005005677076473875
60 0.0005021411683969545
59 0.0005066482722403278
58 0.0005118754159517801
57 0.0004908872469380396
56 0.0005149370916492828
55 0.0005296881838612102
54 0.000463257773830209
53 0.0004663172076615143
52 0.0004728745850847867
51 0.0004737230332715598
50 0.0004643803439046773
49 0.0004633822776089145
48 0.0004628104620437819
47 0.0004734387760175996
46 0.0004756055843315442
45 0.0004780675827885938
44 0.0004789924950810244
43 0.0005283138491986977
42 0.0005219366440544903
41 0.0005168444830132757
40 0.0005078234976327924
39 0.0004994431613869504
38 0.0005389889244706357
37 0.0006156911212163517
36 0.0006578007637416207
35 0.0007022501200961303
34 0.001570536883937265
33 0.002495799877160242
32 0.002497498900699271
31 0.002498093061529732
30 0.002456721557038705
29 0.002451734642392046
28 0.002443154165611677
27 0.002440383366174411
26 0.002437252842751016
25 0.002425366074934434
24 0.002416035845237515
23 0.002514171753421585
22 0.002613117161020569
21 0.002479988032980939
20 0.002456224297365972
19 0.002454578983032079
18 0.002510651053740769
17 0.002566913719162774
16 0.01187097276537653
15 0.02008996258768376
14 0.02008190197762223
13 0.02007387906493205
12 0.020029187904729
11 0.02001663464572699
10 0.01991689610363275
9 0.01936340927529742
8 0.01884173981424156
7 0.01902193280791282
6 0.01918930986336837
5 0.1046885910257579
4 0.1544401485205205
3 0.1509223182453511
2 0.1106990788803318
1 0.07616000249137547
