100 2.745337673357408e-05
99 2.726537507561991e-05
98 2.722414597543798e-05
97 2.726436124938927e-05
96 2.72319677929043e-05
95 2.699499061409028e-05
94 2.682146580966615e-05
93 2.666950249068582e-05
92 2.651195229328994e-05
91 2.651555874502498e-05
90 2.718617186813895e-05
89 2.71996907143293e-05
88 2.720103771917131e-05
87 2.646362104175293e-05
86 2.600248899553507e-05
85 2.422213205532142e-05
84 2.431759629348878e-05
83 2.451454434807896e-05
82 2.448316356837479e-05
81 2.453435450422015e-05
80 2.475240113858402e-05
79 2.482250483991401e-05
78 2.52198876614939e-05
77 2.551960619976623e-05
76 2.54473919802343e-05
75 2.535654386328175e-05
74 2.51506462421252e-05
73 2.486215266544712e-05
72 2.473401784567592e-05
71 2.458465105554831e-05
70 2.326942143539693e-05
69 2.279769328977796e-05
68 2.271102869734296e-05
67 2.257494545475705e-05
66 2.276089678047232e-05
65 2.237462579143785e-05
64 2.222261970146409e-05
63 2.408789016363789e-05
62 2.543494023002573e-05
61 2.547704013893132e-05
60 2.556283857343367e-05
59 2.590802966529709e-05
58 2.619715821598316e-05
57 2.702262938127788e-05
56 2.822816847435836e-05
55 2.713550930703307e-05
54 2.596530918231618e-05
53 2.635221773234183e-05
52 2.726070989580908e-05
51 2.779087992772385e-05
50 2.727305006083446e-05
49 2.669225693636527e-05
48 2.664481943220394e-05
47 2.763478363587779e-05
46 2.771615695113601e-05
45 2.780041511299361e-05
44 2.504741131764983e-05
43 3.311253723804669e-05
42 3.585518891742305e-05
41 3.860623009132427e-05
40 3.984882822924784e-05
39 4.129869260360419e-05
38 5.039916225648237e-05
37 7.075563802333856e-05
36 7.902268870687678e-05
35 8.892251687158569e-05
34 0.000232375791090533
33 0.0002975265092572107
32 0.0003156302964520135
31 0.0004322583881056315
30 0.0004347723215297059
29 0.0004330354804709621
28 0.000429184238844366
27 0.0004293909257216267
26 0.000425693699616432
25 0.000421153850806215
24 0.0004201268611103588
23 0.0003399938716227922
22 0.0002632196674546381
21 0.0002000833852417746
20 0.0001893559810529712
19 0.0001902072232680832
18 0.0001833163268649791
17 0.0001755694730202523
16 0.0008582718522958817
15 0.001470913778991714
14 0.001463083221874931
13 0.001454986799585311
12 0.001386720056421383
11 0.001364489795690363
10 0.002372442707351847
9 0.004237073827508187
8 0.007004827642819488
7 0.007139005289380726
6 0.007268550359387728
5 0.06355040616483321
4 0.09557658056129828
3 0.09363750361095495
2 0.08093331046964029
1 0.07244967552193297
