100 6.553362690495962e-05
99 6.462853051674407e-05
98 6.341764329347528e-05
97 6.324302247755748e-05
96 6.309885496749848e-05
95 6.222711522128611e-05
94 6.166503937017575e-05
93 6.146926906564713e-05
92 6.119426982528317e-05
91 6.196046956029518e-05
90 6.428797975008501e-05
89 6.418754926241265e-05
88 6.409039579250189e-05
87 6.215038075816006e-05
86 5.998763335208697e-05
85 5.781885073594708e-05
84 5.779883556286352e-05
83 5.77779932451899e-05
82 5.807637195228651e-05
81 5.835404832688938e-05
80 5.906252433968536e-05
79 5.946807035015135e-05
78 6.22206975692577e-05
77 6.418372668867048e-05
76 6.378335711296525e-05
75 6.315242218798555e-05
74 6.263451118438888e-05
73 6.196895808442175e-05
72 6.155394642001629e-05
71 6.116246658826456e-05
70 5.271777269402463e-05
69 4.406066179283871e-05
68 4.392786845950874e-05
67 4.365288183244513e-05
66 4.451256323453246e-05
65 4.396711863905995e-05
64 4.3288605029596e-05
63 4.088079833723448e-05
62 3.930285296735375e-05
61 3.997703290368201e-05
60 4.053062706926157e-05
59 4.092200998882915e-05
58 4.135257541262167e-05
57 4.266849327533822e-05
56 4.403811551599998e-05
55 4.350503838777053e-05
54 4.275173755958075e-05
53 4.350603473280797e-05
52 4.484453987432834e-05
51 4.607291771065852e-05
50 4.668973690085388e-05
49 4.530790814793097e-05
48 4.407991422931567e-05
47 4.567258859263541e-05
46 4.57929250854845e-05
45 4.58139550097052e-05
44 5.555303179369753e-05
43 7.421861389265611e-05
42 7.815040131880774e-05
41 8.138836117665758e-05
40 8.297104242648933e-05
39 8.445954696564895e-05
38 9.518424552468057e-05
37 0.0001153114670976374
36 0.0001258917978087352
35 0.0001361248692926252
34 0.0003152680405653686
33 0.0004930300418886284
32 0.0004924729886850945
31 0.0004922730059174178
30 0.0004950846052672464
29 0.0004930101607132008
28 0.0004890066616213985
27 0.0004908530632672509
26 0.0004927044945845416
25 0.0004872912619399629
24 0.0004838905847343644
23 0.0004149122059485798
22 0.0003453334179123359
21 0.0002865769361148285
20 0.000276065405183039
19 0.0002755974387227959
18 0.0002657982766784654
17 0.0002559581668906922
16 0.000944401802895647
15 0.001549779115481558
14 0.001542638047119956
13 0.001535504411754123
12 0.001462990083749749
11 0.001440842425129501
10 0.002812835888823253
9 0.006834878116506041
8 0.007267373461327616
7 0.007396155032335952
6 0.007522500352554216
5 0.06346725093303081
4 0.09520891465588985
3 0.0934428421661247
2 0.0822198352922851
1 0.07423000514601405
