100 0.001395629939503544 0.001696306135397325 0.001696306135398689 0.001540293312275419 
99 0.001402201963796958 0.001689490565688616 0.001689490565688912 0.001540844576629949 
98 0.001407509244573429 0.001674881900702721 0.001674881900704327 0.001546013925853405 
97 0.001409523570151086 0.001671871464894994 0.001671871464896658 0.001546576444245181 
96 0.001409146537168115 0.001672303428577763 0.001672303428579308 0.001545485330019381 
95 0.001427484051254726 0.001688379931306748 0.001688379931307983 0.001544512014466636 
94 0.001418895146631251 0.001684097296340021 0.001684097296341731 0.001535336276542318 
93 0.001426197409434596 0.001680100748934754 0.001680100748935259 0.001543112981208485 
92 0.001418795758476475 0.001677119669287772 0.00167711966928913 0.001546527265375578 
91 0.001431002840664793 0.001676942206203181 0.001676942206204378 0.001544817595600246 
90 0.001448193453993304 0.00167500652588627 0.001675006525885595 0.001538478784353182 
89 0.001451038073888611 0.001685074756956201 0.001685074756954932 0.001547327946755609 
88 0.001452915096825144 0.00168464331461837 0.001684643314617991 0.001557239722914787 
87 0.001474273068269135 0.001690023538290441 0.001690023538289491 0.001569912399153679 
86 0.001476430803981558 0.001688632084735538 0.001688632084734185 0.001571455782523745 
85 0.001453020499127992 0.001703716257804094 0.00170371625780417 0.001573059217064467 
84 0.001454665082220005 0.001708819671239608 0.001717747429268773 0.00161155808400128 
83 0.001453061810516815 0.001722671013466559 0.001722671013466924 0.001650239544434558 
82 0.00146170324139521 0.001734822485315942 0.001734822485315723 0.00165197684866849 
81 0.001468437964332204 0.001721056635836041 0.00172105663583596 0.001653150585313968 
80 0.001473437269624153 0.001705960727734594 0.00170596072773419 0.00166614772838025 
79 0.001472003783012868 0.001709688340546655 0.001709688340550547 0.001676562108125283 
78 0.001521603981853174 0.001645624258094545 0.001645624258097093 0.001629234508493572 
77 0.001533053119334112 0.001606939550354908 0.001606939550358528 0.001595421641218293 
76 0.001550120355952778 0.001601490864476055 0.001601490864480095 0.001595875520865919 
75 0.001558324186351607 0.001604325971490458 0.001604325971494067 0.001597033941302472 
74 0.001601243096485278 0.001601378111495151 0.001601378111498858 0.001593453733950892 
73 0.001603337808483921 0.001590726690413727 0.001590726690412581 0.001589800217226963 
72 0.001610861272442705 0.001578454240630129 0.001578454240630891 0.001581852935870684 
71 0.001611038028147539 0.001574667605415782 0.001574667605416168 0.001572370068369418 
70 0.001643216394143893 0.001602040391472584 0.001602040391475288 0.001629449952263849 
69 0.001634339309493052 0.001645366455341873 0.00164536645534365 0.00168822100470201 
68 0.001665925628208145 0.001630793711503331 0.001630793711505692 0.001666068801380607 
67 0.001693556761493474 0.001590688964724138 0.001590688964726002 0.001620967289408836 
66 0.001700332954978024 0.001592455148179047 0.001592455148179887 0.00162069277683977 
65 0.001697221302312559 0.001560976713062603 0.00156097671306494 0.00162040638786068 
64 0.001684730013640813 0.001558868284861213 0.001558868284862163 0.001553678253605164 
63 0.001686595781699494 0.001562446635533834 0.001562446635535495 0.001559704609225132 
62 0.001666332948384602 0.00154733618147278 0.001547336181473879 0.001548161951869615 
61 0.001661839006513285 0.001566902287855443 0.001566902287857884 0.001554884949112105 
60 0.001649791040234896 0.001556657532405894 0.001556657532405023 0.001559207054313707 
59 0.001657984546008757 0.001567667702793787 0.001567667702795693 0.001564383025676924 
58 0.00164916499896082 0.001581105241555631 0.001581105241557099 0.001568737670188063 
57 0.001659484397385505 0.00159262893692822 0.001592628936928668 0.001565508575308996 
56 0.001652045222788031 0.001580489636309942 0.001580489636311394 0.001546757817673674 
55 0.00165125061518357 0.001593098876399497 0.001578216595079998 0.001549541360678654 
54 0.00162752693931893 0.001594809916377747 0.001594809916379055 0.001548503230570932 
53 0.001632154865923809 0.001601930618915739 0.001601930618917163 0.001554253841028586 
52 0.001629746034857514 0.001576295617934641 0.001576295617936364 0.001530307988433059 
51 0.001617418454544366 0.001575293558454373 0.001575293558455004 0.001520614278311241 
50 0.001605766445584304 0.001590349912243714 0.001590349912244757 0.001514820602506773 
49 0.001610774991927026 0.001588994179883007 0.001588994179883584 0.001525008699778999 
48 0.00160635453589927 0.001583478258557186 0.001583478258557814 0.001523462094501393 
47 0.001592999095189624 0.001622661616374812 0.001622661616375544 0.001543433195154749 
46 0.00159956024252458 0.001625356919262138 0.001625356919263229 0.001546817163521032 
45 0.001604884078540011 0.001629148939119114 0.001629148939119665 0.001547589586412335 
44 0.001715623649365182 0.00184689354558584 0.001846893545588011 0.001761184232632568 
43 0.001695757137135124 0.001841861842711169 0.001841861842713845 0.00175466893208019 
42 0.001732067216156964 0.001886948432303578 0.00188694843230603 0.001796558416249945 
41 0.001730768573063281 0.00189878722638372 0.00189878722638536 0.00180219553412032 
40 0.001726784895778884 0.001886736530234322 0.001886736530236037 0.001797710545409563 
39 0.001710118153456556 0.001885228026711288 0.001885228026712571 0.001781753985047736 
38 0.001769451531458266 0.001867777218058397 0.001867777218060473 0.001829421375343726 
37 0.001819724664557998 0.001944867625017026 0.001944867625019389 0.001826433235368862 
36 0.001818471905348562 0.001916862856230765 0.001916862856234398 0.001813903645245343 
35 0.001811753427640862 0.001906662717671604 0.001906662717675514 0.001786864257089883 
34 0.002167695941798744 0.002062472620063311 0.002062472620063801 0.001879178798749942 
33 0.003221862963065263 0.002035832603337686 0.002035832603338309 0.001859979830003821 
32 0.003218982784842442 0.002040845016559405 0.002040845016560077 0.002032422145913107 
31 0.003217956992424595 0.003126096752147488 0.003126096752149383 0.002975596930552929 
30 0.003228491567442122 0.003133817369212468 0.003133817369214936 0.002981210081057875 
29 0.003219728657396216 0.00312674505620852 0.00312674505621047 0.002971818828510807 
28 0.003200449650407277 0.003103699362699225 0.003103699362701428 0.002955522891313531 
27 0.003207372395370044 0.003109503510424 0.003109503510425684 0.002959909135403559 
26 0.003213862292797109 0.003088446844956831 0.003088446844958616 0.002963894184146383 
25 0.003193861250376276 0.003073839871783403 0.003073839871785146 0.002966524160988556 
24 0.003176008462128183 0.003077667228931683 0.00307766722893239 0.002969524298534944 
23 0.00515640362566002 0.005107017749723077 0.005107017749725509 0.005037104425639267 
22 0.00723905684909577 0.007105109357534419 0.007105109357536579 0.00697827832697699 
21 0.007110941658279419 0.006973442100477429 0.006973442100479585 0.006836521514634863 
20 0.007088527466247614 0.006951892965715538 0.006951892965718363 0.00681164018129465 
19 0.007024097877719646 0.006889031732485775 0.006889031732488182 0.006750985854426583 
18 0.007256898940468645 0.007126703367195694 0.007126703367197507 0.006994948626632341 
17 0.007492402098284475 0.00736093523166217 0.007360935231664323 0.007242153318846051 
16 0.01426336861151342 0.01426260411580282 0.01426260411580621 0.01438360012773588 
15 0.02300395752896324 0.02304042048595611 0.02304042048595844 0.02300093385834253 
14 0.02285542283052347 0.02288871028897444 0.0228887102889768 0.02278557499877842 
13 0.02263620901410985 0.02267099841830732 0.02267099841830968 0.02257044092071558 
12 0.02247530606898393 0.02250567317256897 0.02250567317257101 0.02258709953835332 
11 0.02242049170857018 0.02246430337349078 0.02246430337349133 0.02259207269114071 
10 0.01975109204077716 0.02826201759142441 0.02826201759142244 0.02824074011255157 
9 0.02905435786204654 0.02881611285881417 0.02881611285881649 0.03590616070583346 
8 0.03654283712613948 0.0364500569713217 0.03645005697131917 0.036378526580533 
7 0.03730012230474433 0.0372048152560719 0.03720481525606938 0.03711802550860675 
6 0.0380521371728259 0.03794403240830253 0.03794403240830013 0.03785270717277299 
5 0.08366905320931155 0.08385649595953562 0.08385649595953462 0.08414976860777722 
4 0.09849638511152416 0.09818951622126773 0.0981895162212667 0.09787043731051465 
3 0.1082856352321328 0.108273777887213 0.108273777887212 0.108326937363713 
2 0.20651003599147 0.2064043870816396 0.2064043870816384 0.2064400991984871 
1 0.2660633932968265 0.2661691755583247 0.2661691755583245 0.2662337236866819 
