100 0.001047798865913426 0.001028146919699428 0.001028146919699405 0.001015381985714607 
99 0.001048089260056181 0.001028303816136847 0.001028303816136824 0.001015599952112715 
98 0.001048482298848443 0.001028857217351296 0.001028857217351249 0.001015875216805621 
97 0.001048579051542096 0.001028979395066873 0.001028979395066846 0.001016026351212673 
96 0.001048656065949115 0.00102894828993022 0.001028948289930163 0.001016147924835443 
95 0.00104888184230046 0.001029187291766599 0.001029187291766566 0.001016486258323449 
94 0.001049023986336568 0.001029100706321461 0.001029100706321432 0.001016705335716277 
93 0.0010490050317792 0.001028397062581151 0.001028397062581121 0.001016914865014622 
92 0.001048993066282712 0.001028069948718317 0.001028069948718291 0.001017206700303017 
91 0.001048948219093337 0.001027682746961976 0.001027682746961943 0.001017067738442286 
90 0.001048811213473989 0.001027682950364968 0.00102768295036497 0.001016620508837401 
89 0.001049041844145346 0.00102794539872013 0.001027945398720119 0.001016837226751031 
88 0.001049264861575885 0.00102809878394708 0.001028098783947055 0.001017014825322504 
87 0.001049421084466667 0.00102826725365003 0.00102826725365005 0.001017195397010607 
86 0.001054266354260522 0.001028191172089162 0.001028191172089155 0.001017179292883381 
85 0.001059108382755349 0.001033982389213396 0.001033982389213379 0.001017162534004369 
84 0.001059032065291956 0.00103387559982194 0.001038846738016187 0.001022953329719576 
83 0.001058952218715087 0.001038747449791001 0.00103874744979101 0.001028754359679341 
82 0.00105932753624777 0.001039188831376757 0.001039188831376762 0.001028730887124728 
81 0.001059676220968409 0.001039244714542723 0.001039244714542729 0.001028715004066967 
80 0.001059788301495529 0.001039351952210527 0.001039351952210547 0.001029157860890509 
79 0.001059848563981692 0.001039566077290729 0.001039566077290751 0.001029508451314673 
78 0.001062578677924965 0.00104259977715953 0.001042599777159565 0.001032881966130202 
77 0.001064463817846296 0.001044825694903564 0.001044825694903556 0.001035237613331823 
76 0.001064909302358359 0.00104504070190416 0.001045040701904134 0.001035848956033773 
75 0.001065603986610791 0.001045926573635221 0.001045926573635199 0.001036758614269363 
74 0.001066658784763739 0.001046016344243193 0.001046016344243231 0.001036859736674023 
73 0.001067967000564693 0.001047305188297562 0.001047305188297518 0.001036961523964633 
72 0.001068239470932907 0.001048941265387978 0.00104894126538797 0.001038207680750693 
71 0.00106849632036225 0.001049267517623834 0.001049267517623804 0.001039684286820262 
70 0.001074841348659955 0.001055408060712211 0.001055408060712218 0.001046953132996221 
69 0.001081338667412495 0.001062349539193607 0.001062349539193598 0.001054292946501087 
68 0.001083672270752085 0.001064725730499111 0.00106472573049911 0.001056774325752391 
67 0.001088287189031755 0.00106986581944776 0.001069865819447748 0.001061638615891446 
66 0.001090905233637562 0.001069848388113161 0.001069848388113175 0.001061614898813139 
65 0.001091030737769139 0.001073399054644552 0.001073399054644548 0.001061591209913127 
64 0.001091166372391525 0.001073612467782529 0.00107361246778253 0.001065272925909297 
63 0.001095047798191622 0.001077251027858261 0.001077251027858247 0.001069220252026224 
62 0.001097794084959689 0.001080162531470528 0.001080162531470534 0.001072003846157193 
61 0.001098371748659379 0.001080696216718017 0.001080696216718053 0.001072525437395975 
60 0.0010989767811118 0.001081200621857842 0.001081200621857851 0.001073076373958354 
59 0.001099387008607612 0.001081262710470939 0.00108126271047094 0.001073458764321758 
58 0.0010998624056733 0.001081788417885909 0.001081788417885902 0.001073904845041538 
57 0.001099934353963735 0.001082747005294412 0.001082747005294442 0.001075239439181372 
56 0.001100002642433856 0.001081997661955223 0.001081997661955223 0.00107671341642179 
55 0.001101636823754626 0.001081228525090333 0.001083814848505962 0.001077128391094046 
54 0.001103426304788924 0.001083050951930782 0.001083050951930768 0.001077529387556262 
53 0.001103673865400658 0.001083380068298178 0.001083380068298173 0.00107783230888959 
52 0.001104178629817952 0.001084021337326662 0.001084021337326657 0.001078434241807721 
51 0.00110439984361822 0.001084061638049482 0.001084061638049491 0.001078488281844401 
50 0.001104578212352709 0.001083989677302592 0.001083989677302595 0.001078516325071963 
49 0.001104328620726012 0.001084295595110787 0.001084295595110781 0.001078749173602823 
48 0.001104183296723441 0.001084107424938588 0.00108410742493858 0.001078936562995517 
47 0.001105322750609796 0.001085390188852024 0.001085390188852027 0.001080182138999935 
46 0.001105551830434475 0.001085599907537729 0.001085599907537729 0.001080409371632521 
45 0.001105812541753397 0.001085779257583452 0.001085779257583449 0.001080666258805543 
44 0.001148467078718976 0.001129450291473058 0.001129450291473059 0.001124979610282333 
43 0.001188260335894189 0.001170214641391944 0.00117021464139195 0.001166295150661636 
42 0.001190395430506428 0.001172457995410164 0.001172457995410169 0.001168533642438465 
41 0.001192115293862766 0.001174348318225272 0.001174348318225278 0.001170339260944381 
40 0.00119280186750222 0.001174984896450897 0.00117498489645091 0.001170967517113886 
39 0.001193438544031669 0.001175598179603391 0.0011755981796034 0.001171553665606252 
38 0.001205856772606255 0.001188740323413934 0.001188740323413931 0.001185266612865299 
37 0.001229003163042671 0.00121298868277055 0.001212988682770547 0.001210765411496637 
36 0.001239383830959105 0.001223615535649605 0.001223615535649616 0.001221591477586485 
35 0.001250308039659699 0.001234893328775758 0.001234893328775754 0.00123293516150317 
34 0.001402818857581365 0.001388034183253897 0.00138803418325389 0.001237367365568807 
33 0.001540735611074566 0.001389338320306555 0.001389338320306569 0.001238890582104069 
32 0.001540750900657233 0.001389673963113127 0.00138967396311313 0.001387278897633274 
31 0.0015407561526788 0.001525978540215804 0.001525978540215806 0.001523168929352398 
30 0.001542308838622186 0.001527361734256094 0.001527361734256102 0.00152432170997092 
29 0.001542836447109323 0.00152781840400689 0.001527818404006886 0.001524686771153152 
28 0.001543745324792491 0.001528541218952659 0.001528541218952663 0.001525317369013631 
27 0.001544242105772898 0.001529048979977004 0.001529048979976998 0.001543180776419677 
26 0.001544802336032764 0.001546757605851903 0.001546757605851894 0.001556970188698746 
25 0.001562392721738097 0.001560668805130312 0.001560668805130318 0.001557111291403819 
24 0.001576044097364598 0.001560824000056786 0.001560824000056782 0.00155727191107592 
23 0.002529605493116214 0.002519400999441738 0.002519400999441744 0.00251832039736676 
22 0.003216116546890602 0.003208731369631483 0.0032087313696315 0.003207739409858191 
21 0.003236370002920997 0.003228782841803231 0.003228782841803236 0.003227878140936622 
20 0.003239967074829445 0.003232596742458342 0.003232596742458342 0.003231444315483787 
19 0.003250048457012572 0.003242898824859127 0.003242898824859156 0.003241848259714881 
18 0.003293057114859299 0.003286545358752304 0.003286545358752313 0.003285264754350427 
17 0.003335667047781739 0.003329278622659646 0.003329278622659643 0.003328263715264019 
16 0.006518214129511002 0.006513925897226704 0.006513925897226758 0.006508773373612996 
15 0.008367637783818533 0.008361757059413942 0.008361757059414004 0.008356508495034 
14 0.00841148179101581 0.008405701227853146 0.008405701227853151 0.008400408921813896 
13 0.00845502910494121 0.008449321526016733 0.008449321526016743 0.008444034483912212 
12 0.008735245262789588 0.008729809363805185 0.008729809363805189 0.008724517196437824 
11 0.008815852143575095 0.008810530151389754 0.008810530151389764 0.008805221991295019 
10 0.00963971304666999 0.01882060689027959 0.01882060689027959 0.01881856663357307 
9 0.01906377663106882 0.01905989624654646 0.01905989624654636 0.02501044123862428 
8 0.02510670832102153 0.0251042912668888 0.02510429126688872 0.02510133674637443 
7 0.02513959179476341 0.02513719723059773 0.025137197230598 0.02513404428840618 
6 0.02517181924544253 0.0251693446178985 0.02516934461789847 0.02516610396378294 
5 0.05770241960987157 0.05770408828545098 0.05770408828545103 0.05769374201062944 
4 0.06941907957256882 0.0694129496985018 0.06941294969850181 0.0694092604448258 
3 0.07604989615650161 0.07604536605294396 0.07604536605294383 0.07604300615924951 
2 0.2018004574217706 0.2018016689718808 0.2018016689718808 0.2017988714793414 
1 0.2693473884719402 0.2693469305495844 0.2693469305495843 0.2693455758829931 
