100 5.450877274571253e-05
99 5.563091823558203e-05
98 5.772718605556033e-05
97 5.851342479126288e-05
96 5.880121361011178e-05
95 5.919146406177797e-05
94 5.946365858796941e-05
93 5.764817391298568e-05
92 5.583072975540168e-05
91 5.551862646912771e-05
90 5.536481596747716e-05
89 5.555165841840879e-05
88 5.556876915115548e-05
87 5.597987616713348e-05
86 5.566172066877989e-05
85 5.4066770517319e-05
84 5.340535879488505e-05
83 5.273386490092058e-05
82 5.277549687199406e-05
81 5.272132326646726e-05
80 5.25450133229844e-05
79 5.234061443742607e-05
78 5.145101399877709e-05
77 5.039351140421762e-05
76 5.046308792343602e-05
75 5.066800402004959e-05
74 5.105076000754173e-05
73 5.173203933428285e-05
72 5.188912073181236e-05
71 5.24077263625049e-05
70 6.179056962482072e-05
69 7.302913002229357e-05
68 7.490986608817425e-05
67 7.86539158341066e-05
66 7.941793292736501e-05
65 8.21250599610092e-05
64 8.465301288533884e-05
63 9.616649856082224e-05
62 0.000102734464690741
61 0.0001040982442707054
60 0.0001055352625483086
59 0.0001075536286707273
58 0.0001091628604068934
57 0.0001094445478816511
56 0.000112316511666036
55 0.0001076379151433672
54 0.0001025662740440306
53 0.0001037584956617143
52 0.000106775334391732
51 0.0001071844346854239
50 0.0001046246384773574
49 0.0001027939248283437
48 0.000102723531918827
47 0.0001067188828466791
46 0.000107002675433266
45 0.0001073152917255379
44 6.613426557916885e-05
43 2.982661718999301e-05
42 2.549347109319472e-05
41 2.389143759607031e-05
40 2.351228212951811e-05
39 2.401004655099636e-05
38 3.199118200966039e-05
37 6.551838602752084e-05
36 7.8137072874241e-05
35 9.412247879957292e-05
34 0.0003016898961991844
33 0.0003921833997345258
32 0.0004166834436999444
31 0.0005889521821366339
30 0.0005929181892482495
29 0.0005906028987879631
28 0.0005851916440970346
27 0.0005853345749236149
26 0.0005806384902475839
25 0.0005754178234048027
24 0.000574604942069023
23 0.0005612755398106839
22 0.0005500412634490672
21 0.000479748126535754
20 0.0004677627193076294
19 0.0004682183246066618
18 0.0004763061734960359
17 0.0004834156748151084
16 0.002776317387508197
15 0.004803444322720236
14 0.004764140918008307
13 0.004723389785674663
12 0.004591722818932278
11 0.004549236959480127
10 0.002604758438990574
9 0.00525906987926002
8 0.009820651193495686
7 0.01006801741091516
6 0.01030664847303629
5 0.1005614158416939
4 0.1521901226896396
3 0.1461380789609196
2 0.02873297418018115
1 0.07271724237529281
