100 7.153982940748512e-05
99 7.293153651865139e-05
98 7.4793461300216e-05
97 7.535228673863879e-05
96 7.581380941205758e-05
95 7.646144977190456e-05
94 7.68791293050004e-05
93 7.559304997886028e-05
92 7.378778691054266e-05
91 7.349671783728132e-05
90 7.261293620451299e-05
89 7.255685306687037e-05
88 7.250257235503589e-05
87 7.505608228712507e-05
86 7.397151486957615e-05
85 7.288402293257797e-05
84 7.271609801744983e-05
83 7.254128646112782e-05
82 7.26250026051383e-05
81 7.270289547006097e-05
80 7.248754096599388e-05
79 7.236415289551928e-05
78 7.157158032208484e-05
77 7.100696552231244e-05
76 7.109926133685452e-05
75 7.124469726819385e-05
74 7.20167832647524e-05
73 7.301452335930743e-05
72 7.319113684518023e-05
71 7.335770390592924e-05
70 8.075311825285632e-05
69 9.297241940095703e-05
68 9.415091590745944e-05
67 9.655915780054831e-05
66 9.679805178650823e-05
65 9.722198245287032e-05
64 0.0001042775894835617
63 0.0001161039724000629
62 0.0001247401831306802
61 0.0001262630962057052
60 0.0001278404505729201
59 0.0001295085081832255
58 0.0001314419558242139
57 0.0001377833121028287
56 0.0001447710495712541
55 0.0001396491037230551
54 0.0001347007106716514
53 0.0001360470833882655
52 0.0001388527914025002
51 0.000141052361252954
50 0.0001422874322731467
49 0.0001393813325274626
48 0.0001369739853629168
47 0.0001409311979625285
46 0.0001412342113848246
45 0.0001415787722907611
44 9.973226900141579e-05
43 6.099502977884336e-05
42 5.344597435720639e-05
41 4.742248596879482e-05
40 4.393416286726875e-05
39 4.069402799764552e-05
38 3.996972972637255e-05
37 7.697468288621006e-05
36 9.197299814241351e-05
35 0.0001099172528924229
34 0.0003626600581033481
33 0.0006214745097637286
32 0.0006207664611640587
31 0.0006205189071326649
30 0.000625149491483899
29 0.0006225360066938173
28 0.0006180389994984018
27 0.0006197286160945274
26 0.0006216379910171157
25 0.0006148522302668212
24 0.0006094881401624936
23 0.0005998215036120985
22 0.0005991368505666732
21 0.0005367961427803372
20 0.0005256448107728411
19 0.0005230685680175351
18 0.0005281745089624607
17 0.0005332962811775087
16 0.002826142584982317
15 0.004866623643817444
14 0.00482507021374722
13 0.00478264551564321
12 0.004654908423401504
11 0.004609319290603555
10 0.003492875329580566
9 0.009257090428852663
8 0.01033695629194552
7 0.01057824469834849
6 0.01081496590400131
5 0.1004898488629281
4 0.1517772851911138
3 0.1460496225790415
2 0.03188527505797163
1 0.07507550550059419
