100 0.0003896454478650449
99 0.0003869985137965893
98 0.0003886852999920243
97 0.0003878212689985777
96 0.0003875385868596028
95 0.0003819335553942784
94 0.0003833439423262538
93 0.00037549135108637
92 0.0003737238815759899
91 0.0003766688295118821
90 0.0003782922515324346
89 0.0003765827528276184
88 0.0003757368175959906
87 0.0003787039574882473
86 0.0003767976469677021
85 0.0003600428707078814
84 0.0003617863126509487
83 0.0003636108150393951
82 0.0003659932149284845
81 0.0003640497528840565
80 0.0003627727188997513
79 0.0003581493154122252
78 0.0003603406786493277
77 0.0003587893140301779
76 0.0003579156697750054
75 0.0003506548109435944
74 0.0003476151584989745
73 0.0003405031535425802
72 0.0003410062548389409
71 0.0003406320809049439
70 0.0003406709432514604
69 0.0003267961157453555
68 0.0003152635631285546
67 0.0003017632288124044
66 0.0003011587967213048
65 0.0003043758602906737
64 0.0003158110894817418
63 0.0003384262783885235
62 0.0003505249795787376
61 0.0003492194978116874
60 0.000350699151951103
59 0.00035271497445176
58 0.000354877854009921
57 0.0003578725877866709
56 0.0003661629861246704
55 0.0003618548816219108
54 0.000355786390207936
53 0.0003551826834403864
52 0.0003557173676370742
51 0.0003544505245535056
50 0.0003550765738105562
49 0.0003586181110505143
48 0.0003597311050753112
47 0.0003600338216822235
46 0.0003590116202358776
45 0.0003584451051437325
44 0.0003357552651047495
43 0.0003239886553665985
42 0.0003258348916108538
41 0.0003258530542634781
40 0.0003292606529248851
39 0.0003332764598885605
38 0.0003186420438217273
37 0.0003174883478832268
36 0.0003209422190881145
35 0.0003145467762901529
34 0.000680184505718324
33 0.0008764325149257477
32 0.0008933224494977164
31 0.001002303111133713
30 0.001044165984994987
29 0.001044748272749899
28 0.001045621306513983
27 0.001051361604411849
26 0.001037751290137551
25 0.001053873893356619
24 0.001071040717952859
23 0.002659094519316594
22 0.003897925385274487
21 0.003869307906796219
20 0.003866091415095907
19 0.003818742042559339
18 0.003953732027291009
17 0.004111752346511891
16 0.01005796183152272
15 0.01690158475275005
14 0.01678012354494957
13 0.01655987286969902
12 0.01640425473717397
11 0.01638038085396619
10 0.01126471699681506
9 0.01160475802103383
8 0.01246258501162354
7 0.01259671733935164
6 0.01270662068457517
5 0.01989678287753693
4 0.02244291999453456
3 0.02416345125033725
2 0.06499353692747778
1 0.09817320207732676
