100 0.0005268144201998113
99 0.0005130796023878193
98 0.0005186724879989008
97 0.0005206790834246111
96 0.0005198763099464978
95 0.0005154872114157672
94 0.0005199251187909772
93 0.000514968067900713
92 0.0005009769549389379
91 0.0004950170443593429
90 0.0004966410864271835
89 0.0004836639505494455
88 0.0004776806582745499
87 0.0004990387486874224
86 0.0004748276145521832
85 0.0004505309713798591
84 0.0004527551003764923
83 0.0004550699255204184
82 0.0004511662932200197
81 0.0004475349050794979
80 0.0004282167928429876
79 0.0004171518550034483
78 0.000425241965389414
77 0.0004311299323151707
76 0.0004220665749753364
75 0.000407783879963707
74 0.0004076933154113434
73 0.0004077426468811074
72 0.0004166190920190697
71 0.0004376326135313067
70 0.0004379954627566907
69 0.0004383210978963098
68 0.0004231078457209674
67 0.0003927119337164575
66 0.0003952533895865933
65 0.0003979442257530428
64 0.0004801201133857103
63 0.0005122720383417921
62 0.0005356369687141447
61 0.0005409933279743922
60 0.0005465701160023118
59 0.0005542200364701723
58 0.000563108572787067
57 0.0005867164984028877
56 0.0006128660389416828
55 0.0005981329098935297
54 0.0005838982130058098
53 0.0005880262384408643
52 0.0005965917553163499
51 0.0005982320204396324
50 0.0005991573862855184
49 0.0006038392475422483
48 0.0006077507159139005
47 0.0006125131207060638
46 0.0006092466228300219
45 0.0006055308983949212
44 0.0004151992758944595
43 0.000376998556631392
42 0.0003782312511250217
41 0.0003729970398155732
40 0.000382553197007387
39 0.0003843135199536255
38 0.000404418200471078
37 0.0004247942212485098
36 0.0004234421993426302
35 0.0003856491839683063
34 0.0009439391744927029
33 0.00140807764986354
32 0.00140913434788531
31 0.001408960962458042
30 0.001457506250242726
29 0.001459254144804941
28 0.001457942325214159
27 0.001461090514946328
26 0.001443487429296928
25 0.001489774219736093
24 0.001582493637032204
23 0.004498498470491015
22 0.006068844102987027
21 0.00606686679208212
20 0.006066194497347101
19 0.005997195208690139
18 0.006236897317908112
17 0.006476478375907555
16 0.01471682778066674
15 0.02626928155181682
14 0.02605095832981869
13 0.02583229359988641
12 0.02561462612388796
11 0.02554990734871014
10 0.02059182684025178
9 0.02308237567412982
8 0.01977239329132115
7 0.01959941401364892
6 0.0194292838633601
5 0.02711689342726187
4 0.04017753205971303
3 0.04164233879259809
2 0.1333835124596179
1 0.1360892472969171
