100 0.05719084351966829
99 0.0583658454733182
98 0.05878436113069295
97 0.05872838797997975
96 0.0586434899717266
95 0.05838828603850942
94 0.05836101215860419
93 0.05854052585019868
92 0.05854287738107437
91 0.05899373113791197
90 0.06501633798469451
89 0.06937628869603527
88 0.07218398217009785
87 0.07236412384482406
86 0.07250675792866346
85 0.07261349139641148
84 0.07327120823758365
83 0.07489014498235046
82 0.07667301800478615
81 0.07874245632738336
80 0.07876361310963091
79 0.07841105886796108
78 0.07810191989696978
77 0.07731013211390408
76 0.07611037784316496
75 0.07490927185052818
74 0.07429425898524296
73 0.07373604633196916
72 0.07225139220238057
71 0.07117610162142907
70 0.07061539744351279
69 0.07009280931697998
68 0.06997472045907106
67 0.07201681622977872
66 0.07268629093114071
65 0.07245324916031236
64 0.07227479428998648
63 0.0717742557936643
62 0.07204021164306444
61 0.07266684088729694
60 0.07330353236374901
59 0.08828043958198309
58 0.09268608428337974
57 0.0926715793772902
56 0.09268897821729546
55 0.0938840874697838
54 0.09888107224818607
53 0.1001097940823861
52 0.1021456389441281
51 0.102003186807209
50 0.1018095110692627
49 0.1003561105394076
48 0.09945227159045911
47 0.0965680855588105
46 0.09416737343395624
45 0.09317865563191366
44 0.09134313659214451
43 0.09065172709332009
42 0.09009191950030235
41 0.09282042016258536
40 0.09207968518648887
39 0.09223969117945238
38 0.0925251041954035
37 0.0925260181905759
36 0.1029748877482557
35 0.1126197749208357
34 0.1185546077483147
33 0.1250404067681361
32 0.1292475267678605
31 0.1329663656357266
30 0.1324702965213711
29 0.1394347137564444
28 0.1391860214861903
27 0.1369343852527326
26 0.1307060934530981
25 0.1248833460355315
24 0.1212460654861627
23 0.120583719946581
22 0.1202890741293044
21 0.1231669014715695
20 0.1251944316872182
19 0.1265881806358299
18 0.1286188497787074
17 0.1738642471001072
16 0.1849497672886525
15 0.1884360422031164
14 0.2066850359022188
13 0.2097765106894073
12 0.206130872972739
11 0.1923192518249847
10 0.1815982470495748
9 0.1758402178074049
8 0.1832462827452916
7 0.1919666496763197
6 0.2745073031296353
5 0.3050036332940909
4 0.3620833120228812
3 0.3389370231772336
2 0.2589378561097017
1 0.2764067199720799
