100 0.2206229192197135
99 0.224560237539575
98 0.2286353559863397
97 0.2283853772202885
96 0.2282195520737996
95 0.2255816201271684
94 0.2233891734298393
93 0.2236996988999266
92 0.2237837927708164
91 0.2261124497645173
90 0.2284368108672273
89 0.248396080771462
88 0.268142249919164
87 0.2680917766703557
86 0.2680704167614658
85 0.2679844726354174
84 0.2678999941362861
83 0.2679558724764956
82 0.2678763215763202
81 0.2677969330672563
80 0.2675688463166446
79 0.2674616536227755
78 0.2674925077236564
77 0.2675239914934213
76 0.2671120773674702
75 0.2667868143725434
74 0.2644247034358784
73 0.2621114122443156
72 0.2621182385514734
71 0.2617680415623898
70 0.2614744652625168
69 0.2612341318112392
68 0.2609969805386658
67 0.2642368473374543
66 0.2674216155896155
65 0.2641860468119468
64 0.2613827142155443
63 0.2612451636080226
62 0.2612042773885844
61 0.2640291215658442
60 0.2667987407228984
59 0.2939694618566051
58 0.3203797817564488
57 0.3202532425608046
56 0.3201260654497105
55 0.3199418896322525
54 0.3197571226572061
53 0.3194009106109406
52 0.3192857184990595
51 0.31884638867435
50 0.3185988602961236
49 0.3163895465121492
48 0.3142715529333889
47 0.3138632537625722
46 0.3134670094267966
45 0.3134780633893335
44 0.3127367494067414
43 0.311973047069355
42 0.3125010474098611
41 0.3132161928454435
40 0.3106248865305992
39 0.308942279144442
38 0.3085831192763045
37 0.3082119546224264
36 0.3117225251088229
35 0.3150567582071156
34 0.3512314480915176
33 0.3857892897778039
32 0.3844781614141589
31 0.3843017563039541
30 0.3842362102701814
29 0.3820003806631771
28 0.379778013049394
27 0.3797617407213523
26 0.3797457186174009
25 0.3739361659518056
24 0.3713825253074291
23 0.3667000982355808
22 0.3630788149986217
21 0.3627426727838693
20 0.3630353494163722
19 0.3663519295664385
18 0.3696462563596584
17 0.4238612505529879
16 0.4718556440176893
15 0.4735820986051539
14 0.4735564228420654
13 0.4735306417610111
12 0.4693358749084025
11 0.4680241454313108
10 0.4688391074673116
9 0.4887887301761873
8 0.5098524130520696
7 0.5261057019830754
6 0.5412867326789128
5 0.6770544893970525
4 0.7786719951218982
3 0.6716628661500927
2 0.557758248896532
1 0.5125017687405947
