100 0.01959073351159204
99 0.02003206863011045
98 0.02047102495124483
97 0.0203062111315229
96 0.02014556446648217
95 0.01976147975036488
94 0.01943725416232634
93 0.01935650528867269
92 0.01933482055755939
91 0.01942419134828466
90 0.0195092961786082
89 0.02069901222045917
88 0.02203743183264141
87 0.02202399748723613
86 0.02201828719950132
85 0.022004227680392
84 0.02199041708894773
83 0.02197564042655133
82 0.02196872548630557
81 0.02196181105669279
80 0.02196255713103421
79 0.02196292960993408
78 0.02195371019900707
77 0.02194428927937729
76 0.02191455190256754
75 0.02189140318254543
74 0.0217400353598123
73 0.02159074651051424
72 0.02158517757639448
71 0.02136712443809461
70 0.0212602696208157
69 0.021202367553888
68 0.02114163765945698
67 0.02052463684203422
66 0.01997815390578637
65 0.01953734186502529
64 0.01915666379053965
63 0.01908731588312646
62 0.01906708641502218
61 0.01866604574912258
60 0.01828487022952617
59 0.01690228918842904
58 0.01577642359268716
57 0.01566436006490559
56 0.01555176623662361
55 0.01550213403130547
54 0.01545226263098468
53 0.01525691822402406
52 0.01519463183580741
51 0.01534325111799659
50 0.01542743572444384
49 0.01589673397867811
48 0.01635267479194661
47 0.01642633523065041
46 0.01649777481329213
45 0.01647786299474137
44 0.01758101830266586
43 0.01870501344389236
42 0.02461203137522967
41 0.03034665092360544
40 0.03059542061379509
39 0.0307580236524387
38 0.03078378428865419
37 0.03081029783564841
36 0.03150306208062781
35 0.03214354801954672
34 0.03507227571948664
33 0.03828055602796363
32 0.03817349084922371
31 0.0382731924868444
30 0.03831028956886731
29 0.03918699107292704
28 0.04005137188394719
27 0.04007043679788944
26 0.04008919836765723
25 0.04254759316171939
24 0.04364186508911579
23 0.0491933428608833
22 0.05785870882803085
21 0.07739614493713499
20 0.10127138651258
19 0.1077968518121289
18 0.1141730036998548
17 0.1463417207720367
16 0.1741716958314967
15 0.1749136367908888
14 0.1749052410198469
13 0.1748968108375921
12 0.1740303609980053
11 0.1873279078519118
10 0.1957140432894129
9 0.2606026601749563
8 0.321667581882574
7 0.3405583452175387
6 0.3578242087612566
5 0.4948243264239126
4 0.5988268331400068
3 0.5350086937894891
2 0.499150595952618
1 0.5075705194043721
