100 0.01028940524346227
99 0.01050817977481162
98 0.01057759305281587
97 0.01053946450257279
96 0.01046656368260659
95 0.01024385908152771
94 0.01016928771429836
93 0.01011177749623808
92 0.01008971307886518
91 0.01008664880690535
90 0.0106707938610197
89 0.01114815300681222
88 0.01142476792101202
87 0.01136989912218252
86 0.01134448001756462
85 0.01133296509311121
84 0.01136555488130877
83 0.01151655004800857
82 0.01168204633545521
81 0.01186719530301065
80 0.01186894190617751
79 0.01188478805142622
78 0.01188906853141689
77 0.01185352662229182
76 0.01176474328332854
75 0.01167103962037947
74 0.01163352723207108
73 0.0116002848565009
72 0.0114744720638726
71 0.01133550292506266
70 0.0112455993340355
69 0.0111728276866895
68 0.01113289085196844
67 0.01076670401868922
66 0.01062806596862992
65 0.01052781530289376
64 0.01045438455925386
63 0.01006564254528669
62 0.00984391624020887
61 0.009694227336361992
60 0.009535998511780304
59 0.008809202619836944
58 0.008335915118919098
57 0.008331680215986688
56 0.008309248125348289
55 0.008034726000355376
54 0.007462308902879138
53 0.007410251575298528
52 0.007350155508195545
51 0.007389886262181959
50 0.007359514044686243
49 0.007664672136389988
48 0.007842923315176794
47 0.00864234207923068
46 0.009148902905658406
45 0.009625529056417895
44 0.01019432056236154
43 0.01057837420092044
42 0.01173240514327446
41 0.01540685188070931
40 0.01583399421382025
39 0.01610141379766676
38 0.01629395289404952
37 0.01630285514831369
36 0.0173067542215446
35 0.01814703083835582
34 0.01878952457165516
33 0.01946468691005319
32 0.01905144816815905
31 0.0189874744099339
30 0.01905848363480618
29 0.01842123347810216
28 0.01857821535295842
27 0.01932188691849795
26 0.02243584102179578
25 0.02467330329932077
24 0.02753660373413369
23 0.02841438091294536
22 0.03819621426760372
21 0.04915134559454747
20 0.0539734353748528
19 0.05661211294606294
18 0.058412513316384
17 0.08291926104537659
16 0.08896676548977739
15 0.09016300641968757
14 0.09461545229620641
13 0.09590661935527722
12 0.09545423988692486
11 0.1008532138611244
10 0.1045228035846241
9 0.1200530315096679
8 0.1525675977517708
7 0.1723222506139161
6 0.2583398075564174
5 0.289346483052989
4 0.3416332780849323
3 0.3266120398995809
2 0.2716823287994377
1 0.2765911339647438
