100 0.0510568674776176 0.05115009733998142 0.07649263745310085 0.07616401345663322 0.05115009733998035 0.05106473030242876 0.07663145740598823 0.07605377939356621 0.0764926374531001 0.07663145740598724 0.1047714573157029 0.1039076954991547 0.07616401345663006 0.07605377939356894 0.1039076954991533 0.1043123748666119 
99 0.05105683797944589 0.05116194975681631 0.08825190145136817 0.08749356983013025 0.05116194975681455 0.05108891178147861 0.08822617733574627 0.08750737744351729 0.08825190145136763 0.08822617733574527 0.1159135747656746 0.1148423122782807 0.08749356983012824 0.08750737744351883 0.1148423122782815 0.1150283090126864 
98 0.0510568080306325 0.05116209603700062 0.08826558451167223 0.08751597225388703 0.0511620960369995 0.05109915020623697 0.08823445230083461 0.08753434738125455 0.08826558451167256 0.08823445230083558 0.1270317627666617 0.1263915627191458 0.08751597225388746 0.08753434738125389 0.1263915627191459 0.125761234474754 
97 0.05104887258806939 0.05115433012197823 0.08829386682298328 0.08754075648121534 0.05115433012197607 0.0510927833906987 0.08825816681292251 0.08755982328791412 0.08829386682298222 0.08825816681292299 0.127228097428446 0.1264853676113071 0.08754075648121505 0.08755982328791355 0.1264853676113061 0.1259509141188821 
96 0.05104318879852311 0.0511469036029858 0.08829376737345772 0.08797808293619383 0.05114690360298457 0.05108823141430261 0.08825914624983418 0.08755396144739358 0.08829376737345686 0.08825914624983382 0.1274209132210908 0.1265384090687283 0.08797808293619667 0.08755396144739309 0.1265384090687264 0.1261381780514672 
95 0.05106001467961351 0.05116358684620754 0.08850072327468031 0.08797427528944191 0.05116358684620587 0.05110448749249356 0.08836555251164335 0.08805558451293273 0.08850072327467615 0.08836555251164334 0.1275192058283663 0.1268839452731641 0.08797427528944442 0.08805558451293209 0.1268839452731648 0.1263845029520049 
94 0.05109467718549442 0.05119870989557266 0.08855570727323629 0.08802820315675576 0.05119870989557148 0.05114974276905707 0.08841435321399972 0.09004706747961366 0.08855570727323406 0.08841435321399982 0.1276160135960645 0.1272343254609652 0.0880282031567548 0.09004706747961216 0.1272343254609637 0.1266095077576193 
93 0.05112882623836191 0.05123984645572282 0.09037013758524634 0.08998021454240478 0.05123984645572222 0.05119417510132319 0.09020569245474316 0.09011428663222659 0.09037013758524297 0.09020569245474302 0.1277737366303383 0.127358036691628 0.08998021454240651 0.09011428663222504 0.127358036691623 0.1267577197238879 
92 0.05106586089835569 0.05117777403786654 0.09050188294673743 0.09011067127205107 0.0511777740378658 0.05112703929122781 0.09034216804748366 0.0902366305305807 0.09050188294673707 0.09034216804748509 0.1278169528594598 0.1273909878814843 0.09011067127205048 0.09023663053058414 0.1273909878814842 0.1267983777296849 
91 0.05100395968526854 0.05111722265282253 0.09061490583758765 0.09023031976521237 0.05111722265282234 0.05106112978619601 0.09046808003249916 0.09028440347157367 0.09061490583758441 0.09046808003250034 0.1306639601958568 0.1305404468647199 0.09023031976521326 0.09028440347157492 0.130540446864721 0.1296746234727197 
90 0.05120670999449964 0.05129371772408942 0.1039734680679182 0.1039847002012651 0.05129371772408862 0.0511988806110147 0.1038989377291872 0.09038027851826327 0.1039734680679178 0.1038989377291892 0.1334940388417195 0.13345652699632 0.1039847002012656 0.0903802785182637 0.1334565269963164 0.1325234901546744 
89 0.05139204609455679 0.05145224923486812 0.1039914089190505 0.1040278544331368 0.05145224923486654 0.05132889384204899 0.103919133942565 0.1040101465189326 0.1039914089190471 0.1039191339425656 0.1465112874367145 0.1467865056073782 0.1040278544331369 0.1040101465189324 0.146786505607377 0.1461822855400783 
88 0.05137631665450088 0.05143206372084076 0.1039888684858899 0.1040293050475976 0.05143206372083962 0.05129529505630789 0.1039134808917085 0.1040130591272202 0.103988868485888 0.1039134808917083 0.1594088016791619 0.1595727675889842 0.1040293050475982 0.104013059127222 0.1595727675889821 0.1597156796123748 
87 0.05136450029097894 0.05141202894351014 0.104014031368881 0.1042679455855534 0.05141202894350863 0.0512695063814014 0.1040702584907558 0.1042576674688455 0.1040140313688802 0.1040702584907577 0.1594734760578055 0.1596551960672684 0.1042679455855499 0.1042576674688477 0.1596551960672654 0.1597747157713962 
86 0.05218431180350359 0.05221591747133662 0.1041908033840822 0.1042903999870515 0.05221591747133469 0.05206824670982992 0.1040974528476434 0.1042777999041219 0.1041908033840798 0.1040974528476411 0.1595009638539139 0.1596879702331057 0.1042903999870496 0.1042777999041232 0.1596879702331098 0.1597998712902693 
85 0.0529995309011582 0.05302612812894913 0.1042710211797813 0.1043731065458887 0.05302612812894918 0.05286343926626029 0.1041835761595819 0.1043527713159857 0.1042710211797792 0.1041835761595792 0.1595852766960473 0.1597618512667145 0.1043731065458864 0.104352771315984 0.1597618512667154 0.1598886422249568 
84 0.05310208412983703 0.05313080797111004 0.1055392968763679 0.1056436796054432 0.05313080797110924 0.05297251726244196 0.1054222345794049 0.1056338332471442 0.105539296876366 0.1054222345794054 0.1596682368229297 0.1598320196979151 0.1056436796054429 0.1056338332471452 0.1598320196979139 0.159975860011335 
83 0.05313033661215898 0.05315662459095317 0.1054713490690999 0.1055936020978573 0.05315662459095006 0.05300253327404675 0.1109094068016658 0.1110764816999513 0.1054713490690985 0.1109094068016649 0.1596952527343992 0.1598512461624166 0.1055936020978573 0.111076481699949 0.1598512461624161 0.1600033096996683 
82 0.05890743563603904 0.05887612324248217 0.1109817478070269 0.1056062931563716 0.05887612324248041 0.05872791891034693 0.1108272560595644 0.1111048089308625 0.1109817478070252 0.1108272560595661 0.159770690225344 0.1599166142606904 0.1056062931563702 0.1111048089308595 0.1599166142606897 0.1600743210723832 
81 0.06463729841961839 0.06457911137798164 0.1110020106640413 0.1111265904018013 0.06457911137798095 0.06440271687818512 0.1108468450264776 0.1110658080803375 0.1110020106640403 0.110846845026478 0.1598460501223767 0.1599766915566606 0.1111265904018022 0.1110658080803377 0.1599766915566611 0.1601453320227862 
80 0.06468252984199294 0.06462556605242346 0.1109811420640955 0.1110997372114258 0.0646255660524227 0.06445246496425749 0.1108209876795951 0.1110447750574016 0.1109811420640961 0.110820987679595 0.1599749431130776 0.1601242947453834 0.1110997372114233 0.1110447750574008 0.1601242947453834 0.1602792414380751 
79 0.06472867707471612 0.06467397952539634 0.1107978128752489 0.1109000897323302 0.06467397952539558 0.06450317792747909 0.1106591608303368 0.1108329394926377 0.1107978128752483 0.1106591608303363 0.1600355894442239 0.1601913914978839 0.1109000897323276 0.1108329394926406 0.1601913914978867 0.1603421271824013 
78 0.06444389889569985 0.06440274406490215 0.1107424081555474 0.11085133317715 0.06440274406490186 0.06426590148403734 0.1105931657185721 0.110796736866482 0.1107424081555454 0.1105931657185718 0.1600429071807783 0.160203075571573 0.1108513331771523 0.1107967368664805 0.1602030755715736 0.1603493293802342 
77 0.06524677361605055 0.0652152021834578 0.112639951122876 0.1126297885362517 0.06521520218346097 0.06511106789407088 0.1125366709655943 0.1125926792156682 0.112639951122874 0.1125366709655937 0.1600503834470098 0.1602147730811425 0.1126297885362499 0.1125926792156638 0.1602147730811397 0.1603566900958154 
76 0.06540904952121911 0.06537870219506568 0.1203320985415028 0.1204867880930512 0.06537870219506656 0.06527265078460412 0.1126297639082831 0.1126659053414621 0.1203320985415023 0.112629763908282 0.159888639728815 0.1601017433280918 0.1204867880930538 0.1126659053414662 0.1601017433280904 0.160144369176616 
75 0.06557200348946508 0.06553623459776328 0.1204093324448855 0.1205522443539751 0.06553623459776527 0.06543484831049581 0.1204286869553717 0.1206485267837312 0.120409332444884 0.1204286869553715 0.1597616909990769 0.1600253818592496 0.1205522443539768 0.120648526783731 0.160025381859246 0.1599762970405907 
74 0.06541251827865499 0.06541402909299616 0.1203545229722166 0.1204996809817694 0.06541402909299572 0.06533324189513526 0.1203789482042058 0.1205941209821961 0.1203545229722167 0.1203789482042033 0.1594269452144744 0.1596067276332179 0.1204996809817676 0.1205941209821969 0.159606727633219 0.1595508945699889 
73 0.06649644184970188 0.06652501113395373 0.1203505209058206 0.1204959446479501 0.06652501113395215 0.06646922270685854 0.1203763063040933 0.1205895251952175 0.1203505209058188 0.1203763063040918 0.1591370210833295 0.1591010935873279 0.1204959446479495 0.1205895251952176 0.159101093587329 0.1591704630163671 
72 0.07480913879024702 0.07484244397160936 0.120042719539008 0.1200044166934908 0.07484244397161033 0.07492144323289056 0.1204561004824813 0.1206829078981759 0.1200427195390071 0.120456100482481 0.1591428678657565 0.1591052183135558 0.1200044166934903 0.1206829078981788 0.1591052183135579 0.1591772702823832 
71 0.08323611687700862 0.08337145959572723 0.1201234919696034 0.1200926194217864 0.08337145959572628 0.08347784607186265 0.1201740334907993 0.1206342718059419 0.1201234919696014 0.1201740334908011 0.1640555295043288 0.1636596108521856 0.1200926194217856 0.1206342718059433 0.1635285035677188 0.1634846710761782 
70 0.08331081886549366 0.08344722450803554 0.1201034366399873 0.1200736561910086 0.08344722450803431 0.08354723319613232 0.1201689282013344 0.1201090810616241 0.1201034366399859 0.1201689282013351 0.1686381402782672 0.1634998768593926 0.1200736561910067 0.1201090810616258 0.1677882247365068 0.1675130322520729 
69 0.08333276812468779 0.08346526423011159 0.1231443706542271 0.1228777700655189 0.08346526423010925 0.0835675905450735 0.1232590918513237 0.122912768653504 0.1231443706542285 0.1232590918513209 0.1685199296794942 0.1676486099736131 0.1228777700655205 0.1229127686535035 0.1676486099736082 0.1674053173081955 
68 0.08335784081691568 0.08348940198782523 0.1234835433095487 0.1232058181819576 0.08348940198782341 0.08359258361198518 0.1235938967059162 0.1232465992474141 0.1234835433095489 0.1235938967059187 0.1684039549428551 0.1674942605974601 0.1232058181819554 0.1232465992474104 0.167494260597457 0.1672995583340047 
67 0.0833699461863011 0.08350261610530005 0.1445378841290754 0.1449047391394295 0.08350261610529851 0.08360466809388185 0.144602878241087 0.1448917358819124 0.1445378841290721 0.1446028782410864 0.1886846062190423 0.1881770589019917 0.1449047391394262 0.1448917358819122 0.1892875767578677 0.1894277023031469 
66 0.08336412341046334 0.08349469876666059 0.1446280949823528 0.145004867040575 0.08349469876665899 0.0836082010527435 0.1446952684023156 0.1449915024428255 0.1446280949823514 0.1446952684023158 0.2092461302562728 0.208717447210463 0.1450048670405749 0.1449915024428209 0.2087174472104626 0.2087946516368732 
65 0.08335877136315448 0.08349757616107527 0.1446317633510935 0.1450081927828342 0.08349757616107283 0.08361197111713851 0.1446989561904738 0.1449954555632844 0.1446317633510927 0.1446989561904721 0.2087983043179325 0.2079922200465951 0.1450081927828316 0.1449954555632846 0.2079922200465959 0.2079086691700749 
64 0.0833174591715603 0.08349328194146353 0.1445984208944674 0.1449764044168491 0.08349328194146194 0.08360712108004792 0.1446674413232098 0.1449599923512926 0.1445984208944665 0.144667441323211 0.2084380950603279 0.207550724328171 0.1449764044168491 0.1449599923512905 0.2075507243281713 0.207159013243266 
63 0.08327684564741507 0.08345071075502815 0.1441229687985881 0.1440508254776245 0.08345071075502547 0.08356740735166253 0.1441745859193949 0.1440348048920177 0.1441229687985874 0.1441745859193924 0.2087117907526285 0.2078629331340687 0.1440508254776253 0.1440348048920172 0.2078629331340653 0.2075124177228934 
62 0.08327652794927878 0.08341173936796925 0.1480836580333545 0.1471672313569935 0.08341173936796813 0.08352804401018349 0.1481548337110496 0.1471965478777885 0.148083658033353 0.1481548337110526 0.2087924073745018 0.2079627755690078 0.1471672313569934 0.1471965478777879 0.2079627755690059 0.2076166351076311 
61 0.08312976761153108 0.08326292830385766 0.148099148869703 0.1475161979825999 0.08326292830385619 0.08337551386150559 0.1481762697938707 0.1472255218798131 0.1480991488697005 0.1481762697938719 0.2146803116798386 0.2136183168432114 0.1475161979826008 0.1472255218798123 0.2136183168432127 0.2137969306974294 
60 0.08304982356633293 0.08318154684734803 0.1485111661263522 0.1475602877906538 0.08318154684734699 0.08329237804868285 0.1485962509214393 0.1475750283371161 0.1485111661263513 0.1485962509214374 0.2204856959645176 0.2193587011119974 0.1475602877906551 0.1475750283371175 0.2193587011120001 0.2183115746538103 
59 0.08295882805012114 0.08305709506615656 0.1734028042698463 0.1737088343230269 0.08305709506615533 0.08318246746120907 0.1734380099620478 0.1736332015932978 0.1734028042698449 0.1734380099620465 0.2451947739520701 0.2451957253116201 0.1737088343230284 0.1736332015932985 0.245195725311619 0.2439896945431749 
58 0.08290818417924892 0.08301273763198538 0.1734211057652761 0.1737712845282749 0.0830127376319847 0.08311534940372439 0.1734349532412893 0.173692785838296 0.1734211057652731 0.1734349532412916 0.2694354601761905 0.2696559988950437 0.173771284528273 0.1736927858382941 0.2696559988950444 0.2698376504862481 
57 0.08291372070434296 0.08301935831124155 0.1730466818319954 0.1733949523274855 0.08301935831124034 0.08312498410016246 0.173519645461321 0.1737610387614668 0.1730466818319929 0.1730582264742282 0.2697759612411935 0.2699900669201726 0.1733949523274839 0.1737610387614633 0.2699900669201747 0.2701727897412241 
56 0.0829193989060401 0.08302865506279682 0.1731396359925694 0.1734724896421154 0.08302865506279546 0.08313484869983359 0.1731513266703677 0.1733969795140468 0.1731396359925675 0.1731513266703674 0.270118487837566 0.2703001523071786 0.1734724896421136 0.1733969795140488 0.2703001523071764 0.2705094674035898 
55 0.08488093804247625 0.08497223762979289 0.1762502564267099 0.1764958328826723 0.08497223762979288 0.08509530006182854 0.1762267326043448 0.1763864490459089 0.1762502564267098 0.1762267326043443 0.2702512534182014 0.2704309579578192 0.1764958328826695 0.1763864490459104 0.2704309579578189 0.2706392438642845 
54 0.08682282595406281 0.08693537087092976 0.1868215808533579 0.1871249964126249 0.08693537087092919 0.08703575917770807 0.1870880468449141 0.1872917126776631 0.1868215808533583 0.1870880468449163 0.2703845635530455 0.2705514330661154 0.1871249964126301 0.1872917126776673 0.2705514330661142 0.2707696386431699 
53 0.09785819608975924 0.09783919037680851 0.185852384977688 0.1861471535110427 0.0978391903768069 0.09795979412476924 0.1861227087355798 0.1863197593857221 0.1858523849776875 0.1861227087355806 0.270904965226572 0.2711074155197172 0.1861471535110423 0.1863197593857251 0.2711074155197165 0.2713275407153868 
52 0.1086909494334027 0.108697188775454 0.1859103991802223 0.1862003037172631 0.1086971887754519 0.1086894910158507 0.1861815414965436 0.18637181234867 0.1859103991802199 0.1861815414965423 0.2710721121845343 0.271287221085979 0.1862003037172617 0.1863718123486707 0.2712872210859802 0.2715065698589992 
51 0.1086742574322316 0.1086779327477178 0.1858108746742102 0.1861026279372638 0.1086779327477166 0.1086671889777858 0.1860836861125905 0.1862687196860785 0.185810874674211 0.1860836861125886 0.2703640565222777 0.270568625787633 0.1861026279372637 0.1862687196860796 0.2705686257876341 0.2707857777396314 
50 0.1071061479220927 0.1070915667895484 0.1861234543450358 0.1864363355845304 0.1070915667895469 0.1071060058613278 0.1863925531458109 0.1865995916355266 0.1861234543450359 0.1863925531458096 0.2699659258787076 0.2701759687826868 0.1864363355845307 0.1865995916355279 0.2701759687826876 0.2703802181430969 
49 0.1055900364892296 0.1055740380468456 0.1883096468107161 0.1884382855021578 0.1055740380468454 0.1055963943810897 0.1882547360203348 0.1866970747801314 0.1883096468107129 0.1882547360203367 0.2673068652711361 0.2674936198785778 0.1884382855021545 0.1866970747801333 0.2674936198785778 0.2676563327318283 
48 0.1071676540149906 0.1071613486919989 0.1883830942153388 0.1885161606382502 0.1071613486919989 0.1072378046137183 0.1883258447046686 0.1883470115798 0.1883830942153399 0.1883258447046688 0.2647630985959247 0.2648664128952355 0.1885161606382506 0.188347011579799 0.2648664128952326 0.265045999449527 
47 0.1086940508248363 0.1087376910889658 0.1978942295697177 0.1983509262100214 0.108737691088965 0.1088243249496521 0.1885059234420726 0.1984560023029295 0.1978942295697171 0.188505923442074 0.2642005544951748 0.2643050878449832 0.198350926210022 0.1984560023029381 0.2643050878449795 0.2644944910373334 
46 0.1206456212613544 0.1206360391526159 0.1979551181367457 0.198408613971513 0.1206360391526159 0.1207665456511731 0.1981796806599879 0.1985116651537167 0.1979551181367447 0.1981796806599877 0.263656379915531 0.2637564446052633 0.1984086139715113 0.1985116651537173 0.2637564446052663 0.2639612922414772 
45 0.1319721912303321 0.1321114995524931 0.1976760627823748 0.1981263384546551 0.1321114995524919 0.1323893636420916 0.1978962823006076 0.1982332200660577 0.1976760627823722 0.1978962823006061 0.263658442373923 0.2637575029862098 0.1981263384546539 0.1982332200660591 0.2637575029862118 0.2639696072481938 
44 0.13217048114545 0.1323085931632153 0.1942243614906595 0.194565443992559 0.1323085931632136 0.1325795803158879 0.1944608884999123 0.194648322977629 0.1942243614906579 0.1944608884999121 0.2713432634616105 0.2707976197135793 0.1945654439925574 0.1946483229776325 0.2707976197135791 0.2701491496871165 
43 0.1322345861168857 0.1323723652209058 0.1991341561143554 0.1946407460103523 0.1323723652209047 0.132641114979495 0.1994253907943682 0.1947217439488068 0.1991341561143541 0.1994253907943704 0.2789636758309906 0.2774833348058165 0.1946407460103541 0.1947217439488093 0.2774833348058172 0.2763366605208513 
42 0.1321986960919264 0.1323310321077583 0.1992101628261942 0.198973353320407 0.1323310321077565 0.1325934143735633 0.1995016315291273 0.1991212810147403 0.1992101628261902 0.1995016315291264 0.3110131917641353 0.3102875921027883 0.1989733533204067 0.1991212810147423 0.3102875921027858 0.2718609180347532 
41 0.1321628991884777 0.1322892789572306 0.2335619297902237 0.2344857786178476 0.1322892789572289 0.1325457940961831 0.233784995871948 0.2344885716671407 0.2335619297902212 0.2337849958719498 0.3382287775828363 0.3396066615656585 0.2344857786178449 0.2344885716671458 0.3396066615656584 0.2690689111064677 
40 0.1322838272180082 0.1324130820231467 0.22941054322623 0.2304136138285521 0.1324130820231454 0.1326658006830017 0.2296115048219924 0.2304459843332562 0.229410543226226 0.2296115048219914 0.3359631643453203 0.3373856410702745 0.2304136138285543 0.2304459843332554 0.3373856410702775 0.3057076285131798 
39 0.1324047142614845 0.1325301045083271 0.2290583938220603 0.2300525079291919 0.1325301045083266 0.1327857918525644 0.2292486870307655 0.2300667470654113 0.2290583938220589 0.2292486870307659 0.3344997926116359 0.3359203524094109 0.230052507929189 0.2300667470654095 0.3359203524094078 0.3374363955140458 
38 0.1323889849038493 0.1325217318194695 0.2329012207939764 0.2345288676412046 0.1325217318194677 0.132772413865966 0.2331490673081763 0.2346235567894123 0.2329012207939758 0.2331490673081742 0.3347496891012791 0.3361944120911402 0.234528867641204 0.234623556789413 0.3361944120911388 0.337689297407185 
37 0.1323832300290254 0.1325173725039674 0.2330177278340203 0.2346381164177486 0.1325173725039658 0.132767520064271 0.2332487985823321 0.2347329253823332 0.2330177278340198 0.2332487985823319 0.3350074177214866 0.336437595371516 0.234638116417746 0.2347329253823306 0.3364375953715149 0.3379501433618544 
36 0.1307975375665698 0.1308946825675835 0.2333326322438103 0.2749786316181246 0.130894682567582 0.1311097929546846 0.2335569084263455 0.2748859712331203 0.2333326322438092 0.2335569084263456 0.347530104270981 0.3471405089614121 0.2749786316181246 0.2748859712331214 0.3471405089614113 0.3480356177945671 
35 0.1297807260850962 0.1298633879826195 0.2747493177470926 0.2753360694158528 0.1298633879826183 0.1300435863535239 0.2746323109037824 0.2752404154486096 0.2747493177470931 0.2746323109037833 0.3542982219590351 0.3559086550609023 0.2753360694158545 0.2752404154486099 0.3559086550609042 0.3579869004026949 
34 0.1329506242369715 0.1330668757617951 0.2741502491484706 0.2747407435204544 0.1330668757617931 0.1331790790315859 0.274024249687341 0.2746391917793703 0.2741502491484677 0.2740242496873401 0.3945726337010327 0.3942899973048291 0.2747407435204526 0.2746391917793716 0.3942899973048311 0.3928819119998094 
33 0.1360611816867271 0.1361038591501259 0.2746840228340504 0.2752650526867232 0.1361038591501242 0.1362562945030018 0.2745606900167712 0.275160114480439 0.2746840228340502 0.2745606900167712 0.4340371008096513 0.4345689124237435 0.2752650526867209 0.2751601144804412 0.434568912423745 0.4351089459816154 
32 0.1552881247360701 0.1550317669579826 0.281200075803617 0.2756503973715106 0.155031766957981 0.1550229540237966 0.2809943754835102 0.2812697687148627 0.2812000758036134 0.2809943754835079 0.435558926180544 0.4361878280293088 0.27565039737151 0.2812697687148626 0.4361878280293069 0.4368247067566559 
31 0.1741018103602245 0.1739116807009726 0.2787393296772985 0.2815703181086275 0.1739116807009709 0.173568494738237 0.2785190940483485 0.2813855059029871 0.2787393296772976 0.278519094048349 0.4347703423249545 0.4354004791952813 0.2815703181086258 0.2813855059029867 0.435400479195279 0.4360819117441553 
30 0.1709629019523601 0.1710171591420915 0.2787985424481423 0.279057056760004 0.1710171591420894 0.1706535221329668 0.2785772481850921 0.278847816806119 0.2787985424481429 0.2785772481850902 0.4344789940966581 0.4351047317228997 0.2790570567600042 0.2788478168061203 0.4351047317228967 0.4358074359086367 
29 0.167890205094656 0.167818450015887 0.3012148252447026 0.3017297966480837 0.1678184500158838 0.1674991868704186 0.3013618590679681 0.3018748716848921 0.3012148252447002 0.3013618590679654 0.429733820849135 0.4303165766647334 0.3017297966480896 0.3018748716848897 0.4303165766647306 0.4310833884163714 
28 0.168365255429349 0.1684509261865841 0.302004524820261 0.3025307138120217 0.1684509261865819 0.1682932554005346 0.3021522553229798 0.3026825526126969 0.3020045248202615 0.3021522553229775 0.425051273028516 0.4257276142321592 0.3025307138120207 0.3026825526126979 0.4257276142321621 0.4264202552162755 
27 0.1681444435264229 0.1678031225929278 0.2990946108988791 0.2993841944604753 0.1678031225929265 0.1675349297646687 0.2993521365300301 0.2996574343821354 0.2990946108988773 0.2993521365300314 0.4249535550572854 0.4256405895463312 0.2993841944604738 0.2996574343821323 0.4256405895463309 0.4263372583440256 
26 0.1680348836636268 0.1677521523911525 0.2981587409344643 0.2989664639461539 0.1677521523911498 0.1675140811167278 0.2981932323587341 0.2989881415295864 0.2981587409344632 0.2981932323587331 0.4248573921901062 0.425567888734789 0.2989664639461511 0.2989881415295917 0.4255678887347847 0.4262555960431887 
25 0.172299114793023 0.1722601976031035 0.2897560568167373 0.2906597813983267 0.1722601976031028 0.1721255261707992 0.2897933805626647 0.2906938838560136 0.2897560568167342 0.2897933805626657 0.4151040775072072 0.4157135320684466 0.2906597813983264 0.290693883856019 0.4157135320684418 0.4163008841356781 
24 0.1770678173902594 0.1771892982405485 0.2909456825896057 0.2910903303695334 0.1771892982405455 0.1773205296809479 0.2910873953588372 0.2912339802970612 0.2909456825896036 0.2910873953588401 0.4108466737136656 0.4113963208101686 0.2910903303695334 0.2912339802970592 0.4113963208101639 0.4119581791444103 
23 0.1767606723059769 0.1768850907133256 0.2935278637454424 0.293627071030597 0.1768850907133221 0.177014839491501 0.2936738687710185 0.293773686191963 0.2935278637454428 0.2936738687710224 0.4123232234767009 0.4118154556133866 0.2936270710306008 0.2937736861919647 0.4118154556133831 0.4109400667969618 
22 0.1764496131025186 0.1765696794578549 0.3149073839511227 0.278668786176105 0.1765696794578522 0.1767052345163889 0.3149437148491745 0.2788463267828865 0.3149073839511237 0.3149437148491753 0.4141016673058656 0.4123194601512672 0.2786687861761037 0.2788463267828829 0.4123194601512657 0.4107112612797532 
21 0.1777835594796275 0.1777801441706886 0.3068157705805844 0.3066976910280955 0.1777801441706858 0.1778138281523567 0.3068622757249526 0.3066990138492709 0.3068157705805808 0.3068622757249538 0.4370200902875987 0.4362743290513421 0.3066976910280927 0.3066990138492728 0.4362743290513404 0.4362663702074198 
20 0.1737190526888998 0.1736217272433501 0.3076650894797198 0.3075446765938728 0.1736217272433477 0.1735536763204543 0.3077061199628101 0.307292143111968 0.3076650894797167 0.3077061199628079 0.4565668873738191 0.4574019996581213 0.3075446765938702 0.307538048938138 0.45740199965812 0.4582154592099248 
19 0.1719328818100052 0.1717254782164013 0.3082961300390796 0.3089453029887654 0.1717254782164016 0.1716586221049405 0.3084624596109289 0.3090576423318879 0.3082961300390771 0.3084624596109322 0.4628930841613532 0.4648212799664929 0.3089453029887617 0.3090576423318872 0.4648212799664896 0.464544619162739 
18 0.1746082760109111 0.1746070769022818 0.3107221035191177 0.3113097358154516 0.1746070769022797 0.1748811513880228 0.3109189429106884 0.3114351157152228 0.310722103519115 0.3109189429106916 0.4684809139683089 0.4700010546712633 0.3113097358154496 0.311435115715227 0.470001054671258 0.4713962024071455 
17 0.1755304561643623 0.1756737694512617 0.3427262218471397 0.343760608882985 0.1756737694512592 0.1756260883480163 0.3424439878080601 0.3434480518627542 0.3427262218471404 0.3424439878080603 0.4952122323957391 0.4949262507316101 0.3437606088829863 0.3434480518627545 0.4949262507316134 0.4952132682711368 
16 0.1708528840031536 0.1711170043907057 0.3442627611803987 0.345341706676258 0.1711170043907042 0.1710986800660952 0.3439942503377827 0.3450454714009557 0.3442627611803964 0.3439942503377819 0.5352610926019113 0.5365543405897635 0.3453417066762589 0.3450454714009558 0.5365543405897595 0.5378516855231338 
15 0.1656268303295376 0.1657411389564305 0.3515459528061564 0.3517489667184873 0.1657411389564294 0.1658743248808475 0.3518718408712559 0.3520060966324173 0.351545952806154 0.3518718408712566 0.5381725773167295 0.5393607267158073 0.3517489667184878 0.3520060966324139 0.539360726715804 0.5405820853818279 
14 0.1875879736440039 0.1878511398875267 0.379485076007014 0.380484727989214 0.187851139887525 0.1877868500026146 0.3794731169704996 0.3804104787183021 0.3794850760070115 0.3794731169704995 0.5381303128538321 0.5393297314112721 0.380484727989213 0.3804104787183033 0.5393297314112675 0.540543960833982 
13 0.2172517961802738 0.2175433537554517 0.37133664881047 0.3694433619324171 0.2175433537554506 0.2177993127473282 0.3686820129645971 0.3694750632908658 0.371336648810467 0.3686820129645956 0.5380878750517384 0.5392904852583192 0.3694433619324202 0.3694750632908632 0.5392904852583169 0.5405056800233186 
12 0.2127339261716417 0.2130505860822418 0.3626029663126311 0.3636386124088311 0.2130505860822399 0.2133301025825787 0.3627174578881527 0.3636692111962557 0.3626029663126311 0.3627174578881529 0.5313958493014536 0.5324616500650812 0.3636386124088288 0.3636692111962551 0.5324616500650804 0.5335384406535846 
11 0.2102651032429222 0.2105929199702559 0.3327333582132335 0.3342797413670138 0.210592919970254 0.2108880736143076 0.3324499111446796 0.3339104307715268 0.3327333582132335 0.332449911144679 0.5124343750164663 0.5123051683417482 0.3342797413670098 0.333910430771527 0.5123051683417479 0.5120637968408203 
10 0.1820815428119255 0.1822316122797785 0.3251003283692473 0.326096782843078 0.1822316122797769 0.1823080073097272 0.3249200544379933 0.3258131495639142 0.325100328369246 0.3249200544379933 0.5021248637470206 0.5010759658489448 0.3260967828430776 0.3258131495639162 0.5010759658489449 0.5003634278833814 
9 0.1535075656979455 0.1535049345533042 0.3132503419108555 0.313969225468241 0.1535049345533028 0.153485980500574 0.3130976226700115 0.3137354335940284 0.3132503419108545 0.3130976226700125 0.4458210816497887 0.4458919809930554 0.3139692254682394 0.3137354335940304 0.4458919809930552 0.4479037034992142 
8 0.1505847923070716 0.150423133306511 0.3293766434672892 0.3027238376656065 0.1504231333065122 0.1502577211816621 0.3293818447101896 0.3026366087469306 0.3293766434672897 0.3293818447101891 0.415571564417456 0.4164154866175407 0.3027238376656052 0.3026366087469339 0.4164154866175399 0.4157886888337529 
7 0.154152192334503 0.1539933196406237 0.3296642468074248 0.3278398905185134 0.1539933196406251 0.1537714559418124 0.3297017978683384 0.3279113324995877 0.3296642468074229 0.3297017978683393 0.447117139957993 0.4483873706820768 0.3278398905185159 0.3279113324995886 0.4483873706820801 0.4486065454339675 
6 0.157618619142965 0.1574117715558392 0.3759324882151771 0.3740314035699807 0.1574117715558409 0.1571881800490746 0.3759828083576239 0.3740009691023737 0.3759324882151787 0.3759828083576237 0.4733221111837667 0.474129600984094 0.3740314035699803 0.3740009691023737 0.4741296009840995 0.474530938183102 
5 0.1530477799497872 0.1531328222664596 0.3973385656030995 0.3955955906907266 0.1531328222664583 0.15318698316863 0.3974601181918505 0.3956177963402496 0.3973385656031014 0.3974601181918534 0.4555767638905855 0.4551304531526225 0.3955955906907264 0.3956177963402504 0.4551304531526221 0.454067183197061 
4 0.1935221640202846 0.1935903374972641 0.4136483916340453 0.4141401581609064 0.1935903374972657 0.1936397486126511 0.4138103986774684 0.4140756956764145 0.4136483916340472 0.4138103986774704 0.4987252602016854 0.5009088641998964 0.4141401581609069 0.4140756956764152 0.5009088641998992 0.5003056555357068 
3 0.2237736792154373 0.2238824610310779 0.4114681892336157 0.4112974919195867 0.2238824610310789 0.2238334727004072 0.4117085854202344 0.4112293274141231 0.4114681892336149 0.4117085854202321 0.4821133559431737 0.4829362651299845 0.4112974919195865 0.4112293274141238 0.4829362651299853 0.4823734569963958 
2 0.2269499733750397 0.2268755531329366 0.3291025890797548 0.328027069215985 0.2268755531329374 0.2269435751418866 0.3288882145644731 0.3280257349990873 0.3291025890797565 0.3288882145644719 0.6034737696317343 0.6030802508716293 0.3280270692159868 0.32802573499909 0.6030802508716293 0.6032280635827763 
1 0.2650851430134472 0.265209062589888 0.5501616189301607 0.5498529384388173 0.2652090625898881 0.2652849529778211 0.5502158620192925 0.5498629678957053 0.5501616189301611 0.5502158620192924 0.6821775586453889 0.6827316138760402 0.5498529384388167 0.5498629678957053 0.6827316138760403 0.6833746829855624 
