100 0.04222789264290137 0.04222416546897672 0.07303536537020876 0.07306882024551117 0.04222416546897723 0.04222052041772875 0.07303443910731225 0.07306887095397448 0.07303536537020874 0.07303443910731244 0.09484026530947273 0.09487004093231044 0.07306882024551097 0.0730688709539752 0.09487004093231013 0.09489528462236906 
99 0.04222790676330822 0.04222458025570469 0.07823581372601224 0.07826165897032296 0.04222458025570482 0.04222149418727349 0.07823506596198253 0.07826152506041735 0.07823581372601135 0.07823506596198272 0.09861928545214901 0.09864285007712655 0.07826165897032311 0.07826152506041738 0.09864285007712729 0.09866794952690311 
98 0.04222792142952729 0.04222460431722459 0.07823876857346364 0.07826455204787251 0.04222460431722497 0.0422219071940265 0.07823800073686141 0.07826440378647048 0.07823876857346347 0.07823800073686157 0.1022472806190478 0.1022694790111745 0.07826455204787261 0.07826440378647098 0.1022694790111742 0.1022906641457558 
97 0.04222868213601504 0.0422253894889897 0.07823930936914683 0.07826506705851122 0.0422253894889895 0.04222272566871473 0.07823849694868289 0.07826488736329543 0.0782393093691465 0.07823849694868304 0.1022998718437221 0.1023220758430757 0.07826506705851113 0.07826488736329565 0.1023220758430763 0.1023431404493456 
96 0.04222922653656675 0.04222597076647445 0.07824030829587815 0.07876562020331628 0.04222597076647421 0.04222331117069394 0.07823947358811133 0.07826581070251118 0.07824030829587822 0.07823947358811124 0.1023512601532683 0.102373654261197 0.07876562020331572 0.07826581070251154 0.1023736542611978 0.1023944204062029 
95 0.04223070897860682 0.04222742523730313 0.07874269836614783 0.07876714663471711 0.04222742523730322 0.04222471403843132 0.07874188420750156 0.07876696261323624 0.07874269836614728 0.07874188420750156 0.1025840826531002 0.1026062764546081 0.07876714663471655 0.07876696261323603 0.1026062764546084 0.1026271627886924 
94 0.04223596536460433 0.04223271894137479 0.07874694731550419 0.07877126350589955 0.04223271894137499 0.04223003825598705 0.07874608292403577 0.07919091779587771 0.07874694731550409 0.07874608292403562 0.1027839794576805 0.1028055297937271 0.07877126350589951 0.07919091779587804 0.1028055297937267 0.1028268661313359 
93 0.04224111890191717 0.04223792480577424 0.07917304737865168 0.07919637106109538 0.04223792480577422 0.04223525956564722 0.07917200106384251 0.07919573332038227 0.07917304737865105 0.07917200106384302 0.1028167668586029 0.1028381996999102 0.07919637106109553 0.07919573332038206 0.1028381996999098 0.1028594517868159 
92 0.0422443545917504 0.04224112037044413 0.0791783674337436 0.07920174326093431 0.04224112037044441 0.04223847500817622 0.07917728717958838 0.07920103934671599 0.07917836743374362 0.0791772871795879 0.1028257499930393 0.1028472937618935 0.07920174326093377 0.07920103934671627 0.1028472937618931 0.102868373134294 
91 0.04224753422821977 0.04224428756503956 0.07919763044898626 0.07923873183004775 0.04224428756503953 0.042241634184849 0.07919649623582306 0.07922037387002334 0.07919763044898687 0.07919649623582312 0.103619484212669 0.103639341707276 0.07923873183004758 0.0792203738700232 0.1036393417072751 0.1036609385131987 
90 0.04242372115187228 0.0424202284076613 0.08502224221006344 0.08503418269040826 0.04242022840766162 0.04241761923476637 0.08502159066958249 0.07925374438829054 0.08502224221006335 0.08502159066958247 0.1044012224067167 0.104420861364904 0.08503418269040802 0.07925374438829123 0.1044208613649038 0.1044410645503326 
89 0.042577754669716 0.04257421780299021 0.08502420277821138 0.08504565397368319 0.04257421780299049 0.04257147651866876 0.08502353463309915 0.08504512050969881 0.08502420277821078 0.08502353463309849 0.1085771323905905 0.108595735946054 0.08504565397368369 0.08504512050969922 0.1085957359460535 0.1086153441268001 
88 0.04258582393874712 0.04258227979588762 0.08502698575875232 0.08504853273161056 0.04258227979588773 0.04257950058991159 0.08502628072579191 0.08504795087425687 0.08502698575875266 0.0850262807257918 0.1125591841880352 0.1125772091609269 0.08504853273161007 0.08504795087425709 0.1125772091609272 0.1125946726617235 
87 0.04259213607974451 0.04258859671895369 0.08502949517143883 0.08510465765908297 0.04258859671895391 0.04258577957168744 0.0850823347872967 0.08510388137856643 0.08502949517143875 0.08508233478729615 0.1125615705756239 0.1125795188889777 0.08510465765908287 0.08510388137856688 0.1125795188889774 0.1125969413100632 
86 0.0427286617771737 0.04272500760012447 0.08508568604371493 0.08510713167916488 0.0427250076001246 0.04272205878094944 0.08508484931459474 0.08510632847455166 0.08508568604371444 0.08508484931459477 0.1125625864398886 0.1125805130646404 0.08510713167916524 0.08510632847455189 0.1125805130646401 0.1125979069894307 
85 0.04286397753700178 0.04286021409448231 0.08509035580317945 0.08511185877160345 0.0428602140944821 0.04285714228137065 0.08508950322551311 0.08511101622725467 0.08509035580317879 0.08508950322551324 0.1125643433712479 0.1125822662760206 0.08511185877160322 0.08511101622725475 0.1125822662760205 0.1125995507424445 
84 0.04289348069210597 0.04288975087501699 0.08527074453680808 0.08529211063121998 0.04288975087501709 0.04288658434575943 0.08526977011655457 0.08529124353440237 0.08527074453680804 0.08526977011655495 0.1125660720345095 0.112583879835864 0.08529211063121982 0.08529124353440302 0.1125838798358637 0.112601169714513 
83 0.04290159199674706 0.0428977896774545 0.08528089730301507 0.08530218422183979 0.04289778967745452 0.04289468072853414 0.08621018137506932 0.08623141314506184 0.08528089730301529 0.08621018137506938 0.1125689822108845 0.1125867616277493 0.0853021842218392 0.08623141314506208 0.1125867616277495 0.1126039961115437 
82 0.04491415428411331 0.04490864398528181 0.08622310762435079 0.0853027928160545 0.04490864398528186 0.04490573516496497 0.08622120180720705 0.08623366342017583 0.08622310762435044 0.08622120180720697 0.1125717533970342 0.1125895674449422 0.08530279281605421 0.08623366342017585 0.1125895674449417 0.1126067079435455 
81 0.04682176634350605 0.04681689426132735 0.08622444597587482 0.08624550784038987 0.0468168942613275 0.04681207412113814 0.08622252226604739 0.08624373708416745 0.08622444597587497 0.08622252226604721 0.1125745252542391 0.112592229193357 0.08624550784038969 0.08624373708416726 0.1125922291933564 0.1126094187020945 
80 0.04682505319025801 0.04682018158648506 0.08622463953811882 0.08624575422907833 0.04682018158648525 0.04681534843602141 0.08622271330301735 0.08624398951577132 0.08622463953811883 0.08622271330301733 0.1125774672481991 0.1125952723756354 0.08624575422907808 0.08624398951577213 0.1125952723756347 0.112612570656981 
79 0.04682840576848308 0.0468235210454921 0.08627484847982875 0.08629603545005596 0.0468235210454924 0.04681868895123336 0.08627294905427059 0.08629432554407097 0.08627484847982861 0.08627294905427085 0.1125788498112074 0.1125967101733299 0.08629603545005581 0.08629432554407143 0.1125967101733294 0.1126140521431151 
78 0.04698733330568446 0.04698260770713331 0.08628638301079172 0.08630772196571045 0.04698260770713344 0.04697800412644011 0.08628445683679178 0.08630598167462722 0.08628638301079171 0.08628445683679138 0.1125800242616365 0.1125978938992113 0.08630772196571085 0.08630598167462679 0.1125978938992105 0.1126152150176343 
77 0.04714137475946832 0.04713696844734979 0.08651885787192674 0.08653999448347025 0.04713696844734984 0.04713240083112503 0.08651689425011919 0.08653836508205044 0.0865188578719267 0.08651689425011938 0.1125812240831512 0.1125990508410673 0.08653999448347036 0.08653836508205039 0.1125990508410666 0.1126164030772464 
76 0.04715564147640153 0.04715131076284775 0.08765889267320871 0.08767993769552332 0.0471513107628479 0.04714668204559903 0.08652261759613965 0.08654391480542549 0.08765889267320846 0.08652261759613931 0.1126354632387819 0.1126532954256706 0.08767993769552417 0.08654391480542577 0.1126532954256707 0.1126704634797872 
75 0.04716995953406034 0.04716555387968745 0.08766341324888327 0.08768432545302583 0.04716555387968735 0.04716101263336629 0.08766199235858331 0.08768299067508664 0.08766341324888287 0.08766199235858288 0.1126790361832015 0.1126965541439826 0.08768432545302605 0.08768299067508691 0.1126965541439829 0.112713902295993 
74 0.04732898342187097 0.04732478208517636 0.0876641843840998 0.08768503368588222 0.04732478208517666 0.047320321497294 0.08766276498241928 0.08768368819486233 0.08766418438409955 0.08766276498241932 0.1129438966020253 0.1129619761674881 0.08768503368588211 0.08768368819486279 0.1129619761674882 0.112978891430243 
73 0.04747568295619536 0.04747169162927495 0.08766423500200914 0.08768511305237461 0.04747169162927507 0.04746728355704446 0.08766282428933954 0.08768376166592319 0.08766423500200929 0.08766282428933959 0.1132034913621515 0.1132213200956902 0.08768511305237447 0.08768376166592404 0.1132213200956904 0.1132384914026013 
72 0.04972473617058811 0.0497205942717029 0.08825172959416851 0.08827204536379228 0.04972059427170316 0.04971766485003135 0.08766666036127209 0.08768769362858318 0.0882517295941684 0.08766666036127242 0.113203741048795 0.1132215816394551 0.08827204536379202 0.08768769362858403 0.1132215816394563 0.1132387454981269 
71 0.05185774694564225 0.0518547138958478 0.08825533830114722 0.0882757429504491 0.05185471389584781 0.05185175923693545 0.0882540934519964 0.08771483578164126 0.0882553383011468 0.08825409345199643 0.1142923433505535 0.1143100308096282 0.0882757429504489 0.08771483578164142 0.1143090756003806 0.1143256535548643 
70 0.05185963534428754 0.05185660535895825 0.08827732039224814 0.08829758304021613 0.05185660535895797 0.05185362354354552 0.08827601082140643 0.08829629890852325 0.08827732039224856 0.08827601082140649 0.1152906336941933 0.1143610042380616 0.08829758304021604 0.08829629890852393 0.1153072852375553 0.1153224624739645 
69 0.0518601896581762 0.05185713473774746 0.08881139861005058 0.08883131594516872 0.05185713473774796 0.0518541706721821 0.08881026173747301 0.08883011194123992 0.08881139861005041 0.088810261737473 0.1153056145880456 0.1153221739303609 0.08883131594516917 0.08883011194124003 0.1153221739303596 0.1153371876688203 
68 0.05186052339980111 0.05185745170098642 0.08883092856844914 0.08885101202410167 0.05185745170098685 0.05185448855571693 0.08882974334700293 0.08884979090479303 0.08883092856844936 0.0888297433470025 0.115320466054001 0.1153368714618694 0.08885101202410212 0.08884979090479385 0.1153368714618701 0.1153517897060155 
67 0.05186068461241068 0.05185761234520964 0.09618244572328066 0.0961929176851879 0.05185761234520995 0.05185464211609683 0.09618104828462437 0.09619160410990184 0.09618244572328129 0.09618104828462413 0.1207132359586865 0.1207293365284225 0.09619291768518742 0.09619160410990257 0.1207231473044539 0.1207386638197724 
66 0.05186461382857184 0.05186156498384307 0.09618811640495083 0.09619846274631075 0.05186156498384278 0.05185856803695182 0.0961867458112305 0.09619718790597416 0.09618811640495047 0.09618674581123063 0.1258348473980191 0.1258446227418434 0.09619846274631069 0.09619718790597406 0.1258446227418432 0.1258543334298002 
65 0.05186844458511188 0.05186538296330862 0.09618817042348995 0.09619852460037703 0.05186538296330877 0.05186239540783811 0.09618680277070031 0.09619725184193818 0.09618817042348955 0.09618680277069951 0.1260369495724013 0.1260465024063738 0.0961985246003772 0.09619725184193942 0.1260465024063739 0.1260565501044262 
64 0.05186899155803207 0.05186553675054079 0.09618833191528071 0.09619869015082103 0.05186553675054145 0.05186254417731603 0.09618696603471114 0.09619741483974258 0.09618833191528138 0.09618696603471104 0.1262126171917312 0.1262225675639974 0.09619869015082087 0.09619741483974389 0.1262225675639977 0.1262323088170893 
63 0.05186952912135464 0.05186605991859391 0.0967324521415729 0.09674254290086484 0.05186605991859412 0.05186306845446581 0.09673154590168544 0.09674162612594556 0.09673245214157301 0.09673154590168484 0.1262238087957771 0.1262336137083402 0.09674254290086393 0.09674162612594636 0.1262336137083394 0.1262433442256772 
62 0.05186962448077539 0.05186657052921374 0.09734609993467525 0.09735569429046775 0.05186657052921403 0.0518635878896757 0.09734507173018697 0.09735487021468629 0.09734609993467515 0.09734507173018661 0.1262271055768701 0.1262369592836904 0.09735569429046755 0.09735487021468782 0.1262369592836903 0.1262465961886708 
61 0.05187284116189388 0.05186979555000448 0.09736932273830973 0.09740049634046119 0.05186979555000523 0.05186681966223463 0.09736831407049967 0.09737788684470651 0.09736932273830887 0.09736831407049928 0.1274162002074783 0.1274255930750687 0.09740049634046069 0.0973778868447065 0.1274255930750691 0.127435236276796 
60 0.05187459704921744 0.05187154517108484 0.09741381763596582 0.09742354173399519 0.05187154517108458 0.05186858366981703 0.09741295186002684 0.09742275892501798 0.0974138176359651 0.09741295186002755 0.1285743573828514 0.128583970963528 0.09742354173399548 0.09742275892501781 0.1285839709635277 0.1285931022358943 
59 0.052069953621855 0.05206665478013928 0.1057868992670771 0.1057977778426121 0.05206665478013951 0.05206397461909927 0.1057857767474066 0.1057964157296405 0.1057868992670764 0.1057857767474061 0.1346378710846837 0.1346481664377934 0.1057977778426115 0.1057964157296406 0.1346481664377926 0.1346573671397723 
58 0.05224316076215504 0.05224021086064719 0.1058473626724961 0.1058584244270168 0.05224021086064767 0.05223720557165143 0.1058461570285847 0.1058569992808818 0.1058473626724962 0.1058461570285841 0.1402800569138103 0.1402902273494498 0.1058584244270169 0.1058569992808822 0.1402902273494486 0.1402998138498986 
57 0.05224422377699346 0.05224128213089514 0.1058588254909746 0.1058698984935055 0.05224128213089516 0.05223830464207974 0.1058471784562675 0.1058579674317192 0.1058588254909751 0.1058576168349716 0.1402900031537812 0.140300121177047 0.1058698984935057 0.1058579674317195 0.1403001211770471 0.1403095497743161 
56 0.05224531175274045 0.05224239545604537 0.1058603194179762 0.1058713344499576 0.05224239545604569 0.05223942961229527 0.1058590958427499 0.1058699201477174 0.1058603194179756 0.105859095842749 0.1403000014196585 0.1403099178862518 0.1058713344499571 0.1058699201477176 0.1403099178862521 0.1403193368364846 
55 0.05246359548591217 0.052460455527128 0.1061366582784017 0.1061471852322179 0.05246045552712864 0.05245759890335798 0.1061351607325431 0.1061455686064509 0.1061366582784012 0.1061351607325428 0.1403042354961407 0.1403142018081736 0.1061471852322167 0.1061455686064516 0.1403142018081744 0.1403236608590612 
54 0.05267838584825078 0.0526753455510349 0.1074811851101326 0.1074918646201457 0.05267534555103549 0.05267226746681825 0.1074787658695832 0.1074895329762222 0.1074811851101324 0.1074787658695825 0.1403084884903404 0.1403184861699951 0.1074918646201459 0.1074895329762231 0.1403184861699955 0.1403280035836303 
53 0.05568520645657669 0.05568009400834593 0.1075106574006399 0.107521287594401 0.05568009400834598 0.0556768675143414 0.1075082792113798 0.1075189523192405 0.1075106574006402 0.1075082792113795 0.1403254127695588 0.140335518816567 0.1075212875943995 0.1075189523192416 0.1403355188165673 0.1403450124934679 
52 0.05846200745120526 0.05845654991614793 0.1075121036331249 0.1075227565190358 0.05845654991614806 0.05845161606339476 0.1075097340940998 0.1075204236297652 0.1075121036331259 0.1075097340941001 0.1403308449281793 0.1403409130341569 0.1075227565190357 0.1075204236297657 0.1403409130341559 0.1403504699539919 
51 0.05846225094431748 0.05845681007141336 0.1075130459330122 0.1075237267697681 0.05845681007141385 0.05845187899236687 0.1075106827404654 0.1075214024161976 0.1075130459330121 0.1075106827404655 0.1403581331537603 0.1403682306051086 0.1075237267697677 0.1075214024161981 0.1403682306051088 0.1403777980899268 
50 0.05862289502867373 0.05861716983106724 0.1075201756242116 0.1075309385523124 0.05861716983106709 0.05861248218382933 0.1075177551187306 0.1075285521475809 0.1075201756242115 0.1075177551187309 0.1403735151140972 0.1403835784351533 0.1075309385523124 0.1075285521475804 0.1403835784351535 0.1403932058480284 
49 0.05878093000030727 0.05877528941807967 0.1078920508930842 0.1079032906174213 0.05877528941807981 0.0587704810799695 0.1078900002076993 0.1075313351282581 0.1078920508930839 0.1078900002076995 0.1405740786106086 0.140584174311821 0.1079032906174224 0.1075313351282589 0.1405841743118214 0.1405936051917016 
48 0.05902610062883393 0.05902038560360467 0.1078940507887493 0.1079052725083705 0.05902038560360477 0.05901575940763049 0.1078919958982164 0.107903002114677 0.1078940507887484 0.1078919958982161 0.1407684435896323 0.1407784242301758 0.1079052725083701 0.1079030021146771 0.1407784242301751 0.1407877850427155 
47 0.05925514813165273 0.05924955172456686 0.1096073405435805 0.1096180603369085 0.0592495517245669 0.05924491425469602 0.107901680801898 0.1096164405815239 0.1096073405435809 0.1079016808018977 0.1407862348248818 0.1407961526670514 0.1096180603369089 0.1096164405815252 0.1407961526670515 0.1408054967429413 
46 0.0626668632981342 0.06266185177801818 0.1096087474285853 0.1096194403089196 0.06266185177801842 0.06265799856852376 0.1096071088958941 0.1096177989665181 0.1096087474285856 0.1096071088958937 0.1408034894679568 0.1408133854685137 0.10961944030892 0.109617798966519 0.1408133854685123 0.1408226763678651 
45 0.06585771158111911 0.0658537532427895 0.1096174427934197 0.1096280865404498 0.06585375324278969 0.06585013258211574 0.1096158429325941 0.1096264838472343 0.1096174427934197 0.1096158429325936 0.1408054003350323 0.14081535763773 0.1096280865404499 0.1096264838472345 0.1408153576377298 0.1408246941770772 
44 0.0658635192921994 0.06585949829956117 0.1102219925717599 0.110232195747665 0.06585949829956106 0.06585580265424756 0.1102200630569719 0.110230213395632 0.11022199257176 0.1102200630569716 0.1426215937911848 0.1426319194978458 0.1102321957476659 0.1102302133956331 0.1426319194978453 0.1426398518009273 
43 0.06586539714586409 0.06586134032289298 0.1110931885461692 0.1102340805259093 0.06586134032289286 0.06585763617016825 0.1110910570336051 0.1102320808495646 0.1110931885461686 0.1110910570336045 0.1443362410955283 0.1443452541956831 0.1102340805259084 0.110232080849565 0.1443452541956829 0.1443537315628129 
42 0.06586589073649936 0.06586184575769376 0.1110951716151567 0.1111047503259651 0.0658618457576938 0.06585815042702255 0.1110930215535407 0.1111027405397233 0.1110951716151565 0.111093021553541 0.1525159169395028 0.152524415715479 0.111104750325964 0.1111027405397228 0.1525244157154787 0.1448116860561934 
41 0.06586638396758335 0.06586235322025123 0.1224261020865794 0.1224285080155094 0.06586235322025127 0.06585866430665482 0.1224244822077211 0.1224272997704986 0.1224261020865792 0.122424482207721 0.1601701338010391 0.160174422432258 0.1224285080155098 0.1224272997704991 0.1601744224322576 0.1451063318417684 
40 0.06587140519289565 0.06586733512568263 0.12291041446196 0.1229126244258036 0.06586733512568285 0.06586367204902337 0.1229085700252197 0.1229111389401883 0.1229104144619602 0.1229085700252203 0.1602674001206547 0.1602715994677739 0.1229126244258034 0.1229111389401889 0.160271599467773 0.1529423295987502 
39 0.06587641881573157 0.06587236839755234 0.1229340422053783 0.1229362370246132 0.06587236839755253 0.06586867198962373 0.122932192115122 0.1229347820961487 0.1229340422053776 0.1229321921151225 0.160330537192847 0.1603347890305602 0.1229362370246129 0.1229347820961496 0.1603347890305602 0.1603385155967612 
38 0.06587642136871551 0.06587237164105317 0.1238731041454666 0.1238748815263716 0.06587237164105324 0.06586867472881434 0.1238709388435828 0.1238731825575582 0.1238731041454665 0.1238709388435823 0.1603528061997829 0.1603571136564045 0.1238748815263722 0.1238731825575589 0.1603571136564037 0.1603605356129703 
37 0.06587642230237348 0.06587237261595764 0.1238736756295226 0.1238754556308321 0.06587237261595798 0.06586867573071811 0.1238715155208604 0.1238737580880039 0.1238736756295221 0.1238715155208594 0.1603756447449486 0.1603796413849386 0.1238754556308322 0.1238737580880039 0.1603796413849387 0.1603831212117124 
36 0.06607010827465008 0.06606574243939024 0.1238939829063246 0.1373075275829962 0.06606574243939027 0.06606202205727583 0.1238918090447302 0.1373063220487982 0.1238939829063252 0.1238918090447298 0.1624872699896513 0.1624906152816679 0.1373075275829963 0.1373063220487991 0.1624906152816678 0.1624942375648851 
35 0.06619901237955772 0.06619454557875698 0.1373371587079085 0.1373355361859079 0.06619454557875702 0.06619070427695752 0.1373347852795281 0.1373342719288132 0.1373371587079071 0.1373347852795263 0.1644901276110039 0.1644939158260141 0.1373355361859067 0.1373342719288133 0.1644939158260148 0.1644967376834782 
34 0.06651801790884901 0.06651331069566015 0.1373429677745278 0.1373412246367187 0.06651331069566049 0.06650929239033461 0.1373406069617942 0.1373399824722087 0.1373429677745274 0.1373406069617935 0.1740504586071623 0.1740523584403423 0.1373412246367196 0.1373399824722083 0.1740523584403432 0.1740555094928072 
33 0.06682598406203123 0.06682131035736959 0.1373528328410893 0.1373508937561295 0.06682131035736986 0.06681684893854146 0.1373504894174614 0.1373496786596337 0.1373528328410869 0.1373504894174609 0.1825434294037567 0.1825454127880106 0.1373508937561292 0.137349678659635 0.1825454127880116 0.1825466531070867 
32 0.07190117699145267 0.07189446540493369 0.1378805948535727 0.1373721089347242 0.07189446540493372 0.07188979140263863 0.1378777129661907 0.1378764684571906 0.1378805948535741 0.137877712966188 0.1826774979801352 0.1826798375335147 0.1373721089347228 0.1378764684571904 0.182679837533514 0.1826814049309602 
31 0.0763448572527667 0.07633817249693522 0.1379339850326089 0.1378823405576223 0.07633817249693492 0.07633152978210993 0.1379311734615209 0.137880730596763 0.1379339850326078 0.1379311734615207 0.1826839296163008 0.1826860659646342 0.1378823405576234 0.1378807305967639 0.1826860659646349 0.1826876336497678 
30 0.07647624151322957 0.07646969870982474 0.1379407850410977 0.1379385654295761 0.07646969870982462 0.07646292515318885 0.1379379305953918 0.1379370072052481 0.137940785041098 0.1379379305953916 0.1826863059762049 0.1826885088537849 0.1379385654295751 0.1379370072052498 0.1826885088537852 0.182689935076969 
29 0.07660485386232857 0.07659818022897007 0.1400211803126695 0.1400200545565427 0.07659818022897039 0.0765915520817723 0.140017008340335 0.1400169352301239 0.1400211803126716 0.1400170083403368 0.182813258268552 0.1828160056208308 0.1400200545565431 0.1400169352301239 0.1828160056208309 0.1828169688944516 
28 0.07667749135552177 0.07667050928600215 0.1400356396801577 0.1400346787316253 0.07667050928600253 0.07666357800838308 0.140031489039955 0.1400315553911674 0.1400356396801566 0.1400314890399542 0.1829386100209783 0.1829409720304396 0.1400346787316228 0.1400315553911668 0.1829409720304391 0.182942390638258 
27 0.07701040677079043 0.07700355344092785 0.140725433992859 0.1407258814360154 0.07700355344092842 0.07699668579538935 0.1407213074384884 0.1407228318311605 0.1407254339928581 0.1407213074384889 0.1829387598778928 0.1829411058482477 0.1407258814360153 0.1407228318311612 0.1829411058482476 0.1829424846557226 
26 0.0772625374889695 0.0772558921832773 0.1435766092986185 0.1435753277334869 0.0772558921832773 0.07724895764691346 0.1435726943005198 0.1435726924159426 0.1435766092986189 0.14357269430052 0.1829389073265765 0.1829412080929738 0.1435753277334877 0.1435726924159431 0.1829412080929742 0.1829425771629589 
25 0.08321337067374514 0.08320735666381408 0.1441456068656236 0.1441427703624307 0.08320735666381397 0.08320189211449142 0.1441412754862769 0.1441397445284991 0.1441456068656228 0.1441412754862766 0.1832626824700984 0.1832649818325451 0.1441427703624302 0.1441397445284998 0.1832649818325451 0.1832677089099689 
24 0.08859298861021221 0.08858820871622698 0.1454474574512653 0.1454422801274321 0.08858820871622726 0.08858326522499391 0.1454429008453004 0.1454390854970514 0.1454474574512657 0.1454429008453 0.1834040532509351 0.1834073315563754 0.145442280127435 0.1454390854970522 0.1834073315563756 0.1834096715140819 
23 0.08859756597971215 0.08859280869421078 0.1455834753079222 0.1455801140170981 0.08859280869421103 0.08858792464700738 0.1455786971859587 0.1455766846307207 0.1455834753079217 0.1455786971859576 0.1869687288716007 0.1869774777539073 0.1455801140170966 0.1455766846307208 0.1869774777539079 0.1869765126833463 
22 0.08860220818835018 0.08859752903419205 0.1655305915431393 0.14665433161354 0.08859752903419263 0.08859265017645415 0.1655284510650106 0.1466498245773627 0.1655305915431385 0.1655284510650101 0.1897264137347148 0.1897309613405151 0.1466543316135396 0.1466498245773633 0.1897309613405153 0.1897356382650167 
21 0.08863995332953889 0.08863532406566058 0.1658814538202413 0.1658611309782249 0.08863532406566091 0.08863045043177512 0.1658786928827675 0.1658593592736489 0.1658814538202417 0.1658786928827675 0.2037370421117746 0.2037356904499739 0.165861130978226 0.165859359273649 0.2037356904499732 0.2037266717365134 
20 0.08882296018716913 0.08881808429748118 0.1658909949501826 0.1658703570902142 0.08881808429748116 0.08881252496874745 0.1658881986485137 0.1670718760134071 0.1658909949501819 0.1658881986485136 0.2164896795459982 0.216475986119949 0.165870357090213 0.1658685429506747 0.216475986119951 0.2164619025853012 
19 0.08890354391695821 0.08889823206068168 0.1671347239155573 0.1671151782729114 0.08889823206068172 0.08889269669845715 0.167131449118738 0.1671129116382719 0.167134723915557 0.1671314491187374 0.2199468503035137 0.2199352977513519 0.1671151782729111 0.1671129116382716 0.2199352977513528 0.2199296638416174 
18 0.08929011130928806 0.08928474138589038 0.1672018638294081 0.1671812755735363 0.0892847413858907 0.08927871397285668 0.16719860444638 0.1671789812843419 0.1672018638294074 0.1671986044463806 0.2232174310955854 0.2232143580121839 0.1671812755735357 0.1671789812843451 0.2232143580121843 0.2232103201556909 
17 0.08966521764598694 0.08965951633001777 0.192327897520559 0.192319732961836 0.08965951633001717 0.08965328749343406 0.1923288500937759 0.192321184526234 0.1923278975205598 0.1923288500937758 0.2407715513244642 0.2407756605657745 0.1923197329618349 0.192321184526235 0.2407756605657734 0.2407628130264914 
16 0.09025923438581837 0.09025358683658413 0.1923460544399669 0.1923382854466145 0.09025358683658431 0.09024803410755736 0.1923470218911912 0.1923397430437859 0.192346054439966 0.1923470218911905 0.2551196227765863 0.2551151144835088 0.1923382854466139 0.1923397430437865 0.2551151144835077 0.2551105901513612 
15 0.09082926725660484 0.09082437338613671 0.1932204562512767 0.1932163503792844 0.09082437338613689 0.09081876003050325 0.1932207038615804 0.1932174635655316 0.1932204562512774 0.1932207038615804 0.2551748238195319 0.2551697821856252 0.1932163503792828 0.1932174635655327 0.2551697821856253 0.2551646481261406 
14 0.1002764065247807 0.1002671100025829 0.196656629511484 0.1966485473750943 0.1002671100025824 0.1002631045078307 0.1966546577542109 0.196647161087297 0.1966566295114845 0.1966546577542125 0.2551748313833408 0.2551697883115154 0.1966485473750947 0.1966471610872977 0.2551697883115164 0.2551646531730567 
13 0.1081436609777883 0.1081361597682669 0.1970169173634674 0.198242673409445 0.1081361597682683 0.1081276355441904 0.1982516832027526 0.1982416015574753 0.1970169173634664 0.1982516832027529 0.2551748389781633 0.2551698007515768 0.198242673409445 0.198241601557475 0.2551698007515779 0.2551646582409881 
12 0.1087277412298898 0.1087204435354476 0.1984718134530453 0.1984612576741225 0.1087204435354487 0.1087119566464974 0.1984700317488165 0.198460481487244 0.1984718134530432 0.1984700317488165 0.2553399684379892 0.2553340835400692 0.1984612576741243 0.1984604814872446 0.2553340835400679 0.2553281744792504 
11 0.1090456443397538 0.1090384089243645 0.2047271479056078 0.2047205484616886 0.1090384089243652 0.1090299953126563 0.2047266551281758 0.2047204715738083 0.2047271479056093 0.2047266551281763 0.2638582930550718 0.2638492936874732 0.2047205484616869 0.2047204715738088 0.2638492936874752 0.2638379685018126 
10 0.1222043814940072 0.1221997953753443 0.207088860162826 0.2070811478349493 0.1221997953753441 0.1221927025587888 0.2070881681108511 0.2070807744344572 0.2070888601628244 0.2070881681108526 0.2684054230031632 0.2683921761937569 0.2070811478349516 0.2070807744344595 0.2683921761937585 0.2683801060070376 
9 0.1333108449999676 0.1333071247109649 0.2077537292996643 0.2077448896419269 0.1333071247109651 0.133302836381133 0.2077530916961919 0.2077444874736742 0.207753729299666 0.2077530916961901 0.3012850266592346 0.3012758614652072 0.2077448896419263 0.2077444874736744 0.3012758614652094 0.3012435117138755 
8 0.1335222602888808 0.1335183103858418 0.2527644486705438 0.2111317656311457 0.1335183103858415 0.133513824812681 0.2527676569807589 0.2111306633213131 0.2527644486705424 0.252767656980759 0.3294681400927212 0.3294388031842552 0.2111317656311443 0.2111306633213143 0.3294388031842544 0.3294110778955135 
7 0.1336951634762332 0.1336911351253572 0.2542111835840956 0.2541739928424828 0.133691135125358 0.1336862040256512 0.2542136491172109 0.2541755395303207 0.2542111835840959 0.2542136491172108 0.3353764453875599 0.3353518542221112 0.2541739928424828 0.2541755395303207 0.3353518542221129 0.3353254234451121 
6 0.1338582261510076 0.1338539896295223 0.3174831170222464 0.3174757429626196 0.1338539896295238 0.1338487745109362 0.3174908485779477 0.3174820413078602 0.3174831170222479 0.3174908485779494 0.3408614883451687 0.3408384000008146 0.3174757429626195 0.3174820413078597 0.3408384000008147 0.3408165241187186 
5 0.1392295789763785 0.1392272707073561 0.3190539992149241 0.3190488347573588 0.139227270707357 0.1392230763015626 0.3190605814914606 0.3190544233042597 0.3190539992149236 0.3190605814914567 0.3862953204264346 0.3862925783295926 0.3190488347573581 0.3190544233042591 0.3862925783295897 0.3862729374283732 
4 0.166804437214718 0.1668066041745501 0.3241706159204643 0.3241635334754462 0.1668066041745513 0.1667964005424058 0.3241751145786373 0.3241662006129754 0.3241706159204635 0.3241751145786357 0.4148063673440854 0.4148019511126646 0.3241635334754471 0.3241662006129777 0.4148019511126664 0.4147994413855235 
3 0.1836985496311624 0.1836938184185788 0.332525244819433 0.3325117936963308 0.1836938184185798 0.1836898190341436 0.3325307018037647 0.3325164190306563 0.3325252448194324 0.3325307018037635 0.4655303781045308 0.4655100524756116 0.3325117936963302 0.3325164190306572 0.4655100524756096 0.4654913753064017 
2 0.2353620371220076 0.2353662880825331 0.3618794693076987 0.3618749173873545 0.235366288082534 0.2353581021455587 0.3618890152736753 0.3618833013963079 0.3618794693076987 0.3618890152736766 0.6179035359533138 0.6178731573054745 0.3618749173873526 0.361883301396309 0.6178731573054735 0.6178773421305965 
1 0.2683513701086845 0.268350913779661 0.5644386215222313 0.5644104915862246 0.2683509137796644 0.2683493661026805 0.5644404519944469 0.5644131739368257 0.5644386215222279 0.5644404519944458 0.7130999416661439 0.713092697333553 0.5644104915862242 0.5644131739368261 0.7130926973335503 0.7130859381968178 
