100 0.006155410455378854
99 0.005952203463975468
98 0.005930969755095628
97 0.005904382627437374
96 0.005908225519828529
95 0.005943128556369159
94 0.005971005815634141
93 0.005985380896613676
92 0.005970211414625192
91 0.006022596531011779
90 0.006767550844506598
89 0.007400757013544707
88 0.007745729936547838
87 0.007794884410236225
86 0.007835431814180992
85 0.007860048800294252
84 0.008012147582299451
83 0.008360064723782456
82 0.008777293648668074
81 0.009292376198643908
80 0.009300799003521461
79 0.009167011368315998
78 0.009020997894063432
77 0.008668588692146251
76 0.008203080433245165
75 0.007710139259668255
74 0.007399192650966662
73 0.007118873151979613
72 0.00639809064030685
71 0.005727517156991536
70 0.005223867071638675
69 0.004736631699304304
68 0.00463531911890883
67 0.001477791708074458
66 0.0003495579900109211
65 0.000747992372086174
64 0.001121935866606428
63 0.001801439867067029
62 0.002531028215245676
61 0.002921141527270632
60 0.003320060756108003
59 0.006664450493628481
58 0.00808674163835991
57 0.008089284140227679
56 0.008118891608349476
55 0.008512194905176742
54 0.009300421352949029
53 0.009418969222444378
52 0.009731494965004252
51 0.009694633350708554
50 0.009630970454340391
49 0.009393706231695045
48 0.009253400220080317
47 0.00898932911659726
46 0.008827032528857104
45 0.008724060557798943
44 0.00879921824033836
43 0.008992748212269681
42 0.009372957829105612
41 0.01141422568315044
40 0.01192835101576161
39 0.01215823592815537
38 0.01273252013159909
37 0.01273630010289412
36 0.01661709041661754
35 0.01993756133429648
34 0.02171788896240884
33 0.02368819670900123
32 0.02594942089211701
31 0.02796901011015582
30 0.02761041354363939
29 0.03037721751177079
28 0.03037206208168606
27 0.02883440356144784
26 0.02433211499122434
25 0.0198477650855421
24 0.01757101577170137
23 0.01642925551681893
22 0.01202176163441182
21 0.009306437491305058
20 0.01156410316081583
19 0.01420599722827236
18 0.01594055503374532
17 0.03552554686787888
16 0.04042942190895255
15 0.04136466261566552
14 0.04384894956886672
13 0.0447415541925392
12 0.04447462410803269
11 0.05163091238474066
10 0.05661055471022246
9 0.07616151842861199
8 0.1132932049407398
7 0.135690193119944
6 0.236331017519856
5 0.2751903038180496
4 0.3495905132287833
3 0.2982311196169817
2 0.128195932122499
1 0.2751366891805248
