100 0.0119517796009794
99 0.01194614924766262
98 0.01196936267677555
97 0.01185968897870002
96 0.01175269588414564
95 0.01169606229986129
94 0.01165614221742894
93 0.01157258534592364
92 0.01155049948166029
91 0.01171391118079452
90 0.01187334200351124
89 0.01348084375493864
88 0.01514986850904757
87 0.01515652226747561
86 0.01515939161169485
85 0.01517894782379261
84 0.01519815324945705
83 0.01519631410091874
82 0.01520734286776762
81 0.01521835959548056
80 0.01527958016909295
79 0.01530838106624035
78 0.01530941385256344
77 0.01531046433154448
76 0.01501218401796204
75 0.01477363940795553
74 0.01373208948474739
73 0.01270697830652773
72 0.01271048709340411
71 0.01122302205793625
70 0.01084371647006752
69 0.009885710435608257
68 0.009686226852028168
67 0.004495418703040191
66 0.0008222799686942972
65 0.002176711622253611
64 0.003330880457942012
63 0.00349177774521602
62 0.003727268482602174
61 0.005039412061646114
60 0.006693018235989183
59 0.01145526765300128
58 0.01665320578452696
57 0.01679142886839201
56 0.01693047722362079
55 0.01698211526801194
54 0.01703396576401283
53 0.01729230643666061
52 0.01737456301443154
51 0.01728398534590504
50 0.01723201120895574
49 0.01703162525009683
48 0.01683542136359308
47 0.01681665038890998
46 0.01679833006413448
45 0.01678899265719757
44 0.01745977522145088
43 0.01807339971340362
42 0.02001254313721477
41 0.02272663217060488
40 0.0229145258535202
39 0.02429301627006969
38 0.02437945376954692
37 0.0244679615077345
36 0.02718950336034566
35 0.02986524293222812
34 0.0392055357096309
33 0.04736956383996459
32 0.04813531007097938
31 0.04791734978029265
30 0.04783639506572755
29 0.04635411441258762
28 0.04489390808627287
27 0.04486507080217237
26 0.04483669729874983
25 0.04152254787044891
24 0.04003985230290188
23 0.03368622161840944
22 0.02867444916091684
21 0.01479689810499691
20 0.02120880122798694
19 0.0269135099872971
18 0.03252582482698143
17 0.05836996636709645
16 0.08048315128454689
15 0.08129843904800139
14 0.08129387184474857
13 0.08128391350927866
12 0.08073354065391808
11 0.09622575844637746
10 0.106681920337054
9 0.1810179557763107
8 0.2509890708814612
7 0.2762800521971329
6 0.3192895768858515
5 0.4603860841866966
4 0.5898956287658531
3 0.3522905904314005
2 0.1753642898613467
1 0.5050997108096604
