100 0.006453886816531941
99 0.00827666456726968
98 0.008347723545823745
97 0.008322155569228305
96 0.008368595362806996
95 0.008419454917208928
94 0.008321433917957395
93 0.008602649488795869
92 0.008337894549273995
91 0.007972397774955023
90 0.006931309049419853
89 0.007779953294845421
88 0.007903407635650301
87 0.007702897302753179
86 0.007749696096089352
85 0.007738649438538543
84 0.007599623559867599
83 0.007534847949338884
82 0.008670937234442221
81 0.00864308981320619
80 0.008642161356281224
79 0.008108704222381085
78 0.008054796559324536
77 0.007382199236806656
76 0.006648717493807172
75 0.006693018616093115
74 0.006736658558154918
73 0.006709147418078062
72 0.007291084602172491
71 0.0072131070008781
70 0.007722025880566002
69 0.009497338886556133
68 0.009564547754234917
67 0.02074788481161082
66 0.03145930987598124
65 0.03206611732171373
64 0.0325552424239164
63 0.03282181635763599
62 0.03289995361786673
61 0.03491481333609326
60 0.03680210587850968
59 0.03024177367287913
58 0.03509515384577893
57 0.03476040771825198
56 0.03442349463209809
55 0.03454765656658087
54 0.03467188675151069
53 0.03465328828892324
52 0.03464676314482564
51 0.03381270279190565
50 0.0333385135261491
49 0.0289050646204428
48 0.02878864920051674
47 0.02831021116574596
46 0.02861817339374581
45 0.02882684883075813
44 0.03980271463027985
43 0.05023382577717778
42 0.04270650001538116
41 0.06200039842152832
40 0.05929389844315334
39 0.06142802349607439
38 0.06241236146131605
37 0.0634213577460738
36 0.06561797230192316
35 0.0835317196466322
34 0.09145736632998837
33 0.1352635396319821
32 0.1390172300033872
31 0.139250413249029
30 0.139336357075116
29 0.1398075188219489
28 0.1402436037066896
27 0.1401678206463803
26 0.1400932211086723
25 0.1389686148850883
24 0.1384146420635274
23 0.134258026593443
22 0.1305082993096144
21 0.1357991334385956
20 0.1452173450094922
19 0.1315597045049653
18 0.1326650182938897
17 0.09800640162691215
16 0.1144307076940705
15 0.1131888870308873
14 0.1280081014150262
13 0.1381394881640494
12 0.1351905192383542
11 0.1335284429689955
10 0.1281440393854573
9 0.08637797162326441
8 0.09962322330456966
7 0.1012448699480341
6 0.1073672358008288
5 0.1087280550881458
4 0.08167879096128992
3 0.1347167890404763
2 0.2706053002482794
1 0.3154101213666761
