100 0.00528573914334127
99 0.005635432738946513
98 0.005658990946763472
97 0.005655033976212309
96 0.005914434506946088
95 0.006004680233049066
94 0.006239052764182343
93 0.006190777952959245
92 0.006086101166813465
91 0.005927821699077287
90 0.006128564390360978
89 0.006083430394216744
88 0.006224582396663461
87 0.006387604941291473
86 0.006413430869526974
85 0.00639013222760687
84 0.006498040034092925
83 0.006620259885724358
82 0.006980913383156236
81 0.007580805034002143
80 0.007569968753678438
79 0.007121658058325492
78 0.006917680429317554
77 0.006485566915504914
76 0.006293577083046946
75 0.006032260995316675
74 0.005906900579637654
73 0.005789411532765886
72 0.005430227354380098
71 0.006205275610982365
70 0.006356981145227005
69 0.006745597078707002
68 0.006955664978704693
67 0.01375566602079281
66 0.01537045990410231
65 0.0154530597742049
64 0.01546206001539088
63 0.01590191140805129
62 0.01595189833011319
61 0.01589470160279104
60 0.01664510710120603
59 0.0200579518298932
58 0.02302528344570521
57 0.02303955062987836
56 0.02301806928926572
55 0.02340690267724653
54 0.02411245534167152
53 0.02518298895086105
52 0.02600706334997707
51 0.02600215750555236
50 0.02561379150940897
49 0.02419545392730846
48 0.02429510611615546
47 0.02483265375934554
46 0.02559764711143821
45 0.02533148698102443
44 0.02541883068493502
43 0.02632028537941767
42 0.02773816169306731
41 0.04408684215575212
40 0.0425730861757698
39 0.04378078998543607
38 0.04364335509051188
37 0.0439383580325895
36 0.05362046971025992
35 0.07383457130454563
34 0.08015882016942319
33 0.08901827667939931
32 0.09621900012552767
31 0.1039498911831536
30 0.1038653945755627
29 0.113076277773611
28 0.1136994793759604
27 0.1106936102973099
26 0.1015081369327964
25 0.09557565254034153
24 0.09344492536485831
23 0.09067625663323425
22 0.07821402804231074
21 0.09439214918636725
20 0.1011309503008595
19 0.09870144697743335
18 0.09980709730803258
17 0.07225465048869882
16 0.07717517270691146
15 0.07827627188564755
14 0.09227286009356964
13 0.1002799049976399
12 0.09714075225631573
11 0.08915667056308821
10 0.0758272142415236
9 0.0640224651395469
8 0.06308382561368683
7 0.06602784650307653
6 0.07263635624670471
5 0.0604001208278841
4 0.05648041638516775
3 0.07341155865033537
2 0.1528049785909311
1 0.2335942604755967
