100 0.0009136627974511753
99 0.0009143008166364501
98 0.0009029499889159929
97 0.0009953919665100697
96 0.00110272409504797
95 0.001512800405805226
94 0.001869496209376505
93 0.001875358249375268
92 0.001921979686333544
91 0.001936182304451574
90 0.001954547474608469
89 0.002138077449793708
88 0.002386558432088398
87 0.00238949700757268
86 0.00239200016299784
85 0.002408998833639613
84 0.002659811779182104
83 0.002724520389056277
82 0.00290223541940403
81 0.003030787013957641
80 0.003019396041632892
79 0.00301917651906202
78 0.00301122336304013
77 0.002998471877622692
76 0.002901503817943945
75 0.002892559655280454
74 0.002868831868151115
73 0.002751767837830345
72 0.002628372708346832
71 0.002553171888658637
70 0.00253771303305908
69 0.002423190075414521
68 0.002220730794084248
67 0.002232412353017757
66 0.002250002426566458
65 0.002434674422057782
64 0.002701085787462518
63 0.003313580911854285
62 0.003385548197835837
61 0.004674221103618338
60 0.006623527408296626
59 0.006623898106322029
58 0.006626670599718002
57 0.006737838525445267
56 0.007802362378295408
55 0.00779957594329627
54 0.00778602527214513
53 0.008072169193162117
52 0.008577909754832132
51 0.008546689389966338
50 0.008527112505076666
49 0.008463891816720892
48 0.008398380412181869
47 0.00829929913933721
46 0.007505596989680775
45 0.007312843628444457
44 0.007157485298115777
43 0.006874995795997754
42 0.006478443589223335
41 0.006973625148467326
40 0.007028855566582737
39 0.008655952655177723
38 0.009409385122825211
37 0.009408865533627889
36 0.01598443887576222
35 0.01616817185931712
34 0.01779275220600742
33 0.02011122268800531
32 0.02267842041029434
31 0.02456472189207844
30 0.02582009471085031
29 0.02567343416068973
28 0.02551253992334807
27 0.0251720093236889
26 0.02339086228365331
25 0.02183744689150248
24 0.02052394351886287
23 0.02018722270305874
22 0.02137446947452959
21 0.02157366697747655
20 0.02391522402891997
19 0.03010439218757927
18 0.0515695131614426
17 0.05652198334679946
16 0.06455107539428454
15 0.06824896158311326
14 0.08022516994604852
13 0.07977535101947851
12 0.07393649516495154
11 0.07340364048065844
10 0.06714855954236688
9 0.06986729215750687
8 0.07832743259300959
7 0.1046558712267127
6 0.1961600542761191
5 0.2187851188337028
4 0.2638239385775306
3 0.2541416590158611
2 0.1970840247826354
1 0.2777130754514431
