100 0.00261264719224943
99 0.00260909551089476
98 0.002495712602456344
97 0.002363038023716492
96 0.002364143881485501
95 0.003698913322663041
94 0.003717410023589177
93 0.00372218029864877
92 0.003738683940809077
91 0.003744144406568047
90 0.003762542697242004
89 0.005149635039704389
88 0.006542183055637727
87 0.006542742751005113
86 0.006543236864252405
85 0.00654343301767346
84 0.006543624037581594
83 0.0065442339093281
82 0.006544841412638302
81 0.006543984591674227
80 0.006543500872149926
79 0.00653606781241462
78 0.006514009265144351
77 0.006491486447666022
76 0.006423038944254191
75 0.006384172138283095
74 0.006321680238930281
73 0.006210906075172692
72 0.006078795628161324
71 0.00597246415091173
70 0.005829130044771581
69 0.005474822680011173
68 0.005170210323987702
67 0.005361310734668943
66 0.005574674771885989
65 0.007425321798791119
64 0.009299875845890242
63 0.009808363143617802
62 0.01028429257277048
61 0.0149994970929979
60 0.01964903769701127
59 0.01964976553594889
58 0.01964985559099068
57 0.01965143480724391
56 0.01965350751203397
55 0.01965377912151132
54 0.01965405869565715
53 0.01966460383385661
52 0.01966583812298896
51 0.01964806763761493
50 0.01963888187876555
49 0.01948518611743522
48 0.01931902232460907
47 0.01925283059300721
46 0.01918402266710987
45 0.01868660210118621
44 0.01840789303126405
43 0.01858312911898496
42 0.01938006956304788
41 0.02479729520712258
40 0.02561493816662659
39 0.03099756408682517
38 0.03117412121259526
37 0.0313522163989253
36 0.03437097494076124
35 0.0349785955561077
34 0.04848886017729737
33 0.06227645767617483
32 0.06226857299945389
31 0.06214881393177892
30 0.06213052038567788
29 0.06159785056731823
28 0.06106936555363012
27 0.06098126905075545
26 0.0608937017636571
25 0.05910959945370588
24 0.05869992576666327
23 0.0609853266315578
22 0.07628057001571459
21 0.07808218585355158
20 0.09338649520062149
19 0.1012563357078381
18 0.1066169902003025
17 0.1445351748292673
16 0.1807994830523542
15 0.1806262144082688
14 0.1796759109924068
13 0.1787347508321298
12 0.1761473259164335
11 0.1815289863613574
10 0.1932648890548871
9 0.2165495503113002
8 0.2486577226159171
7 0.2873950328748247
6 0.3930830226517192
5 0.4159799638444729
4 0.5127357338256576
3 0.4744932090588925
2 0.4679283024856372
1 0.5162942902453173
