100 0.000100806626196436
99 0.0001007314354022709
98 9.281335958418167e-05
97 0.0001177851013777685
96 0.0001531089935359215
95 0.0003004144986208819
94 0.0003446187947911041
93 0.0003443304213298447
92 0.0003436459322479916
91 0.0003412478902800053
90 0.000339091349577755
89 0.0004045139860247193
88 0.0005789394045501658
87 0.0005786642252018991
86 0.000578421438269462
85 0.0005779865310448901
84 0.0005775630379896109
83 0.0005768534295011986
82 0.0005761466063337009
81 0.0005780718241819311
80 0.0005791590555875376
79 0.0005790259772791999
78 0.0005798342003276332
77 0.0005806594104837874
76 0.000584722064187922
75 0.0005772015170890484
74 0.0005651273453945009
73 0.0005472116115951718
72 0.0005258240660154697
71 0.0005077406298834698
70 0.0004833478178684083
69 0.0004358079194901968
68 0.0003880513394262987
67 0.000376781545802834
66 0.0003642553459002718
65 0.000287188098420766
64 0.0002089438637045043
63 0.0001746144660052498
62 0.0001690328744183483
61 0.0001252472196865228
60 0.0003326254951408443
59 0.0003324715881422638
58 0.0003324525450861203
57 0.0003320583552686324
56 0.0003315409188787585
55 0.0003314366040071962
54 0.0003313292332703041
53 0.0003285044636052122
52 0.0003281738162401429
51 0.0003334612717084489
50 0.0003361585256616379
49 0.000369852947362887
48 0.0004062278754132342
47 0.0004194839498921534
46 0.0004332402057473594
45 0.0005135501987450703
44 0.0005580194388452446
43 0.0005509605695319664
42 0.000650490524777483
41 0.001472806637007952
40 0.001575210083496735
39 0.002390177161174976
38 0.00237422578046863
37 0.002358114601380875
36 0.004115424096103795
35 0.00410435898995866
34 0.005267452171581311
33 0.007558270130439486
32 0.007559265943415966
31 0.007491681496384547
30 0.007481213602752716
29 0.007235988468171421
28 0.00696775635741016
27 0.006933777911967368
26 0.006893948625584662
25 0.00595005827853708
24 0.005729466144112893
23 0.005310643888277743
22 0.002857541819321948
21 0.002630723791163349
20 0.001522043666985896
19 0.001320577372449413
18 0.00766652602236092
17 0.008404017291045722
16 0.01439635695336326
15 0.01447134687678999
14 0.01465512819942693
13 0.01483835315609768
12 0.01805668196705341
11 0.02361726474619016
10 0.03989022601743247
9 0.07377756368594889
8 0.1194418041217074
7 0.1591057138034153
6 0.2450728096696011
5 0.2644323707554527
4 0.3460029218437642
3 0.3446314732778936
2 0.4154483824205874
1 0.5115899295245221
