100 4.268898902713834e-05
99 4.318717773978645e-05
98 4.33053092862322e-05
97 5.914956485713412e-05
96 8.250048578548581e-05
95 0.0001488511295654299
94 0.0002072142174062429
93 0.0002073922081350461
92 0.000211177605000351
91 0.000211689201353929
90 0.0002129399554984525
89 0.0002382637574459342
88 0.000276369351448269
87 0.0002757586746630192
86 0.0002747535966657792
85 0.0002773641336509482
84 0.0003178066344465508
83 0.0003268693396346916
82 0.0003529361156291948
81 0.0003760178010925613
80 0.0003738384455381419
79 0.0003736657793736934
78 0.0003727170346147869
77 0.0003710961241906331
76 0.0003512481487941699
75 0.0003497644725124733
74 0.0003451815034829313
73 0.0003148951098805166
72 0.0002810390526837103
71 0.0002603735112899821
70 0.0002570783432000855
69 0.0002308619168622976
68 0.000178969494796678
67 0.0001728698818952154
66 0.0001707120777671352
65 0.0001523702818654144
64 0.0001379118611678463
63 9.971320029087113e-05
62 0.0001002459906939847
61 7.418677610743658e-05
60 9.39981381748212e-05
59 9.750354861322647e-05
58 0.0001085443321782914
57 0.0001087018191523401
56 0.0001264440311001225
55 0.0001246812507515638
54 0.0001218094098862015
53 0.000124492083197748
52 0.0001283248139032772
51 0.0001280638951822789
50 0.000129506604182711
49 0.0001348349554985063
48 0.0001418579213265518
47 0.0001514163855597446
46 0.000244695732190702
45 0.0002701688247351321
44 0.0002914207191061292
43 0.0003642609756602863
42 0.000445941162430385
41 0.0006306504932169814
40 0.0006964646378899784
39 0.001112604743546939
38 0.00130446389017806
37 0.001308619596019374
36 0.002856438750611672
35 0.002888380590333089
34 0.003224139969964869
33 0.003748351004971215
32 0.004374738603145288
31 0.004849030268539663
30 0.005116581283967878
29 0.005052540789040513
28 0.004978208887427569
27 0.004823755301168979
26 0.004021762818872534
25 0.003294389601604303
24 0.002744276182778755
23 0.002361571765146052
22 0.001613294078511832
21 0.001455431835825073
20 0.001081816607659535
19 0.0009280139337391331
18 0.005081247946249889
17 0.005719467889216388
16 0.006846938699793149
15 0.006967080736797343
14 0.007468617389821556
13 0.008016068201044436
12 0.01100637762425246
11 0.01286497844578971
10 0.02009042012039529
9 0.03139127262989017
8 0.04511463765056162
7 0.07392353000846148
6 0.1616859011828848
5 0.1803138790339697
4 0.2193185892570997
3 0.2208549078667119
2 0.2008226665383184
1 0.2775620338428718
