100 0.002191074845876851 0.002362267261205112 0.002257999498379927 0.00236226726120769 0.002280721292741025 0.002093537422583526 0.002257999498381374 0.002093537422585371 0.00187253139195277 
99 0.00218867391964922 0.002363563742015902 0.002267617955497169 0.002363563742018961 0.002315201900000338 0.002107363672497895 0.002267617955497275 0.002107363672497261 0.001876048432161338 
98 0.002180095514022928 0.002346960352452525 0.002276271635475557 0.002346960352457233 0.002318208295314315 0.002139360756689326 0.002276271635477365 0.002139360756688086 0.002018030460974791 
97 0.002165454294250572 0.002346043472020228 0.002276873273755557 0.0023460434720232 0.002319008029966325 0.00220668661830792 0.002276873273759584 0.002206686618307788 0.001978063292798533 
96 0.002150944394658694 0.002336048066233322 0.002271534346922277 0.002336048066236214 0.002315787893544162 0.002209297799364429 0.002271534346923819 0.00220929779936578 0.001978045673018114 
95 0.002148985933571752 0.002338819157620457 0.002292795816641569 0.002338819157623434 0.002332258287807602 0.002859042783884122 0.002292795816643209 0.002859042783885617 0.002007209342126582 
94 0.002141459250211004 0.002325529230416378 0.002822958805118723 0.002325529230420266 0.002321393544022595 0.002860414524587159 0.002822958805118828 0.002860414524584954 0.002345929708296208 
93 0.002135119540134897 0.002324180787710948 0.002823727529771819 0.00232418078771444 0.002318519702497451 0.002866175016044787 0.002823727529770842 0.00286617501604403 0.002304958579675214 
92 0.002156183516678453 0.002324689658490216 0.002824942045704062 0.002324689658494084 0.002319298516308435 0.002909505916825854 0.002824942045703485 0.002909505916827246 0.002326005835539894 
91 0.002176396453059069 0.002325722577073176 0.002823190951822942 0.002325722577075537 0.002316917018267873 0.002909261228163748 0.002823190951822984 0.002909261228162912 0.002461391060455685 
90 0.002178744135732016 0.002356630226288281 0.002809130131591741 0.002356630226291771 0.002337044936456791 0.002911316606539943 0.002809130131593443 0.002911316606538259 0.002548674152048906 
89 0.002170312277802119 0.002340831168286606 0.002831220021139028 0.002340831168290012 0.002308583930341983 0.002857153476387212 0.002831220021136634 0.002857153476387917 0.003161080016694658 
88 0.002177960216078825 0.002292967708909168 0.002856764610114066 0.002292967708913616 0.00239082352440831 0.002964495535139056 0.002856764610110872 0.002964495535138901 0.003241027379716565 
87 0.002216627095931559 0.002320705633291161 0.002860890083589152 0.002320705633295519 0.00236515853901715 0.002971434196434529 0.002860890083587351 0.002971434196437673 0.003248390603233136 
86 0.002216135339869898 0.00231955773716393 0.002870485087673102 0.002319557737167793 0.002356934270888065 0.002973435679264148 0.002870485087670727 0.002973435679266864 0.003250220486218656 
85 0.002177228352962261 0.002336702892764327 0.002883534974638334 0.002336702892766463 0.002355822803990064 0.002973752274203962 0.002871513828406864 0.002973752274203571 0.003251978783651993 
84 0.002516703980439957 0.002657897895321661 0.002939467314832684 0.002657897895325213 0.002375828380693694 0.002972546597333194 0.002939467314830421 0.002972546597333025 0.003252000935314781 
83 0.002526662948134416 0.002655885115258107 0.002939436358745044 0.002655885115260722 0.002361158374727001 0.002970811975211517 0.002939436358744007 0.002970811975211723 0.003258132419615741 
82 0.002535476988461679 0.002669506953963332 0.002935796512019066 0.002669506953966965 0.002556786082299644 0.003037577116801985 0.002935796512017315 0.003037577116803194 0.003254082202354703 
81 0.002523611709900816 0.002683944768930082 0.002924769946118511 0.002683944768933582 0.00255092004344502 0.003024947687328223 0.002924769946115874 0.003024947687329059 0.003250393992472354 
80 0.002541810457421468 0.002685144873713171 0.002990333449117808 0.00268514487371623 0.002545817146526532 0.003100108171093239 0.002990333449115019 0.003100108171092629 0.003247681858768997 
79 0.002541669148351404 0.002673098577263675 0.002989866551644582 0.002673098577266329 0.002539405417677467 0.003102906626558819 0.002989866551642441 0.003102906626555599 0.003247756872519925 
78 0.002551792847367656 0.002724319434677207 0.002990860255690786 0.00272431943467476 0.002582192835952493 0.003102742776107696 0.002990860255688875 0.003102742776108183 0.003252322499875441 
77 0.002551785450418809 0.002713391699832707 0.002984296751306412 0.00271339169983018 0.002621503141386437 0.003238959978965162 0.002984296751304856 0.003238959978965356 0.003246373468518011 
76 0.002506778079571794 0.002696932062599591 0.002973281116626506 0.002696932062597933 0.002625678167414592 0.00335572939028094 0.002973281116623035 0.0033557293902813 0.003233373340279614 
75 0.002458294633484858 0.002698340992579297 0.002951907695902155 0.002698340992576511 0.002624088402198436 0.003383420646537908 0.002951907695900348 0.00338342064653704 0.003342855995519498 
74 0.002512343937105214 0.002660586505342864 0.002900696855369243 0.002660586505340178 0.002661331397331599 0.003380378654181259 0.002900696855372928 0.003380378654179342 0.003237532367628202 
73 0.002474888873443469 0.002716972060030551 0.003479845532147769 0.002716972060025712 0.002576770889076581 0.003390423264676569 0.003479845532147547 0.003390423264676148 0.003351654041373886 
72 0.003301603427980157 0.00324404937283725 0.003472407161672188 0.003244049372841382 0.003140138634725315 0.003400305344474705 0.003472407161671212 0.003400305344473394 0.003288706731456316 
71 0.003500979253352954 0.003477076084514385 0.003469708027978107 0.003477076084514479 0.003504093279369444 0.003397155063133887 0.003469708027976903 0.003397155063134013 0.00348600395993551 
70 0.003501295610807406 0.003475784197115274 0.003447897365440366 0.003475784197115647 0.003504540813953307 0.003400599641455646 0.003447897365436197 0.003400599641455424 0.003493733817460494 
69 0.003500838916828961 0.003475643288485208 0.003585855408908719 0.003475643288485425 0.003504575133453492 0.003601989948112967 0.003585855408902413 0.003601989948112221 0.00354141297751867 
68 0.003496992900787583 0.003487522048366692 0.003995682754646578 0.00348752204836581 0.003522557022904777 0.003796924986862374 0.003995682754641461 0.0037969249868602 0.003637597014690267 
67 0.003493631986753712 0.003490611230506843 0.004065221342115907 0.003490611230505025 0.003530124744505269 0.003851300534167615 0.004065221342113157 0.003851300534167696 0.003881847870444141 
66 0.003485985315280684 0.003480778097280136 0.004071742614551619 0.003480778097278639 0.003534277570473228 0.003857070456196245 0.004071742614547409 0.00385707045619549 0.004487108000075815 
65 0.003482114588539001 0.003480009431701313 0.003901313347616893 0.00348000943169942 0.003532230242517849 0.003859747846005407 0.003901313347621963 0.003859747846007714 0.005337307589816867 
64 0.00347621366372808 0.00348398243321092 0.003890821368409741 0.003483982433211245 0.003536257432239343 0.004083853424981448 0.003890821368414967 0.004083853424982561 0.006851536012538 
63 0.00348135121094602 0.003485805234177739 0.005310304496695227 0.003485805234177694 0.003537701274604586 0.005276740983461052 0.005310304496694936 0.005276740983460262 0.006967425941334349 
62 0.003457502365395373 0.003479559514656659 0.005313300665888322 0.003479559514655843 0.003530046371014262 0.005275192309227571 0.005313300665888423 0.005275192309228315 0.007650293340777737 
61 0.003585875564786984 0.003517509371970219 0.005313197403971459 0.003517509371965919 0.003663683434509098 0.005275612646075478 0.008664623727098818 0.005275612646073469 0.01086855654243102 
60 0.003499552555092434 0.003618498048698042 0.008665945693628533 0.003618498048692795 0.003548316611894424 0.008649779722223784 0.008665945693630397 0.008649779722224599 0.01484358334969084 
59 0.003470602415931107 0.003626405626743291 0.008687881357349568 0.003626405626737893 0.003529321746203765 0.008658103323910359 0.008687881357348919 0.008658103323913119 0.01484296877934418 
58 0.003450327141514672 0.003606171027457804 0.008669912039818813 0.003606171027457241 0.003492718445630884 0.008669374725584354 0.00866991203981847 0.008669374725584579 0.01484289275822456 
57 0.003449867656000521 0.003584161402810146 0.008857314606207686 0.003584161402804516 0.003497992212790238 0.008870032172690985 0.008790536812228581 0.008870032172691595 0.0148431827146128 
56 0.003449337714008419 0.003569379791861921 0.01102531477905923 0.003569379791858238 0.003500705168145887 0.01107625492684883 0.0110253147790586 0.0110762549268497 0.01484356337732343 
55 0.003433950452446162 0.003575347027158659 0.01102397759147494 0.003575347027154318 0.003547458261220114 0.01103876301536433 0.01102397759147447 0.01103876301536553 0.01484337679364377 
54 0.003419149750329554 0.003600766806151052 0.01099721021430944 0.003600766806150841 0.003639057932408193 0.01091864549340268 0.01099721021431132 0.01091864549340462 0.01484318474765206 
53 0.005195860709350011 0.005353637861820003 0.01095748323453465 0.005353637861819231 0.005329913167663285 0.01091883661172642 0.01095748323453303 0.01091883661172841 0.01482984547190178 
52 0.00731659134243775 0.007596420322991598 0.0108371747904252 0.007596420322991052 0.007607179047053263 0.01089472371430627 0.01083717479042531 0.01089472371430497 0.01482828457242942 
51 0.007163259027507785 0.007423237084252845 0.0108364035154716 0.007423237084251286 0.007607848659127468 0.01089419912221 0.01083640351547255 0.01089419912220986 0.01475899090416692 
50 0.006984551592216492 0.007425693125809673 0.01084672625382423 0.00742569312580808 0.007460849434370801 0.01090433905860069 0.01084672625382523 0.01090433905860006 0.01472295336346493 
49 0.00698866073065386 0.007256534367942951 0.01083088685474368 0.007256534367941994 0.007298763650130971 0.01089198112660389 0.01083088685474348 0.01089198112660474 0.01440875368648081 
48 0.007017680697934418 0.007269200908900881 0.01079523583065748 0.007269200908900529 0.007327123051648157 0.01085545205867096 0.01079523583065621 0.01085545205867127 0.01407177454489775 
47 0.007030984973763282 0.007294916922168907 0.01089653761590442 0.007294916922168213 0.007341256628464443 0.01111099998791031 0.01104379421732741 0.01091838562569082 0.01393879644389027 
46 0.007019923888754435 0.01123491025401224 0.01442504845143417 0.01123491025401363 0.01125877029747523 0.01446248797530068 0.01442504845143415 0.01446248797530104 0.01380099699061422 
45 0.007018496183261651 0.01123506435394054 0.01442042154700157 0.01123506435394206 0.01490586632385768 0.01445704814074644 0.01442042154700581 0.01445704814074867 0.01282986739191722 
44 0.01108234263895779 0.01123616926096231 0.01438882775534128 0.01123616926096368 0.01491169796952049 0.0144248664733336 0.01438882775534255 0.01442486647333504 0.01230250746752647 
43 0.01475064285337097 0.0148547641152539 0.01416924805959119 0.01485476411525566 0.01491239179717361 0.01420635789584695 0.01416924805959157 0.01420635789584681 0.01232678455532631 
42 0.01474663813693268 0.01484599607565319 0.01328528772035081 0.01484599607565423 0.01490084449829297 0.01331683424621764 0.01328528772035219 0.01331683424621883 0.01371881940499041 
41 0.01474249766638572 0.01483720970436747 0.0138806276923576 0.01483720970436802 0.01488885844374816 0.01389443087725327 0.0138806276923598 0.01389443087725518 0.02193463748496676 
40 0.0147187229880173 0.01481360887510401 0.01577266171621584 0.01481360887510537 0.0148648160481576 0.01576805044262149 0.01577266171621632 0.01576805044262227 0.02201360037996754 
39 0.01469487983581148 0.01478992849263326 0.01576578217678383 0.01478992849263462 0.01484074282948093 0.02373132126928712 0.0157657821767834 0.02373132126928808 0.03194751932851976 
38 0.01444828324182553 0.01452329962576516 0.02363877157370158 0.01452329962576681 0.01469508900748737 0.02368682086938438 0.02363877157370243 0.02368682086938506 0.03190671701326565 
37 0.01431316492422008 0.01438816201153278 0.0236016533538883 0.0143881620115348 0.0146728286765869 0.02364242081349928 0.0236016533538892 0.0236424208134996 0.03186564767564532 
36 0.01417784657699185 0.01436915235789851 0.03820215777219083 0.01436915235790088 0.01439126875690258 0.03807956882607012 0.03820215777219166 0.03807956882607151 0.03378614660311997 
35 0.01415715877593916 0.01422391546587167 0.03817639034949578 0.01422391546587414 0.01423504161722798 0.03805265622402627 0.03817639034949639 0.03805265622402969 0.03435938653810756 
34 0.0146993475534342 0.01471339618024787 0.03810338015730904 0.01471339618025071 0.01472012194968724 0.03797908885613931 0.03810338015731091 0.03797908885614244 0.04877018478067606 
33 0.01517389014900595 0.01520566036396816 0.03919327568971177 0.01520566036397145 0.01520546772186014 0.03778291560186731 0.03912811329181405 0.03778291560186522 0.06469124371571168 
32 0.02312070601032403 0.02303594904853672 0.04839510046984868 0.02303594904853919 0.0229941645471591 0.03708161717919156 0.048395100469851 0.03708161717919257 0.06469285321056774 
31 0.03229364047401962 0.03221593337127921 0.0482594070477429 0.03221593337128111 0.03212428961189452 0.03831651464658976 0.0482594070477461 0.03824003814667622 0.06436211278507259 
30 0.03225616869606329 0.03146889458113681 0.04784572922235013 0.03146889458113818 0.03136335703571354 0.04768904470461956 0.04784572922235157 0.04768904470461981 0.06431120139410687 
29 0.03152160532360043 0.03144236652818735 0.04783385641578025 0.03144236652818987 0.03072126898509143 0.04767762064292102 0.04783385641578128 0.04767762064292001 0.06302068222631954 
28 0.03079434807704653 0.03073282451797276 0.04780275264669403 0.03073282451797598 0.03069792380213025 0.04764369636090617 0.04780275264669735 0.04764369636090597 0.06174347692413586 
27 0.03088545576602552 0.03081354646566269 0.04787901232127698 0.03081354646566607 0.03070597840156893 0.04763756043310718 0.04780819020454983 0.0476889842772771 0.0615413912843047 
26 0.03095934349363712 0.03089644187059285 0.05317107144399445 0.0308964418705961 0.0307951276349477 0.05308776880424503 0.05317107144399449 0.05308776880424422 0.06134086857577124 
25 0.03112111654566769 0.03884228677701251 0.05191051218889089 0.03884228677701529 0.03874611413737345 0.05181323252138297 0.05191051218888985 0.05181323252138268 0.05703545141722 
24 0.03128368888405186 0.0387904136262734 0.04780925191563044 0.03879041362627609 0.04667425696050759 0.04774391934424533 0.04780925191562942 0.04774391934424403 0.05604258177733665 
23 0.0389722795785997 0.04682829450962918 0.04798531085401169 0.03894784794699151 0.04663089212848181 0.04915255162174772 0.04798531085401459 0.04915255162174615 0.05662734833316835 
22 0.0469687417248407 0.04678440224963477 0.04943759635958418 0.04678440224963709 0.04658757550288018 0.04938692077336292 0.04943759635958805 0.0493869207733648 0.07737982461891835 
21 0.04664171338792736 0.04645614518722423 0.04994349352782176 0.04645614518722607 0.04626087415617013 0.05389497494722791 0.04994349352782574 0.05389497494723038 0.08069050153286107 
20 0.04530535209465492 0.04510800675111708 0.05460875980055378 0.04510800675111978 0.04490377982170808 0.05451177774123105 0.05460875980055815 0.05451177774123279 0.1022265358469507 
19 0.04499710287539858 0.04479855874002427 0.07393717415977431 0.04479855874002674 0.04459065381868819 0.07372053202290273 0.07393717415977695 0.07372053202290405 0.1000405661677869 
18 0.04610954339459468 0.04592402330645418 0.1086697608249239 0.04592402330645677 0.04575056857005804 0.1084015446633361 0.1086697608249258 0.1084015446633346 0.107991533269854 
17 0.04721950229484791 0.04700739013564107 0.1082215753202836 0.04700739013564371 0.04680609565388412 0.1079523799131638 0.1082215753202846 0.1079523799131646 0.1413708615685665 
16 0.06660233258098454 0.06657334511856602 0.1069761580086126 0.04459602710493457 0.04466711266524073 0.1066959821159135 0.1069761580086131 0.1066959821159128 0.1818947538468088 
15 0.09123919170275439 0.0644803778208804 0.1109488838810434 0.0644803778208841 0.04208845015136586 0.110462120942342 0.110948883881045 0.1104621209423426 0.1806320817806201 
14 0.08988779899189396 0.09017010609283733 0.1356377007718544 0.09017010609284089 0.06280440415102849 0.1352838856093073 0.1356377007718548 0.1352838856093072 0.1771287208916177 
13 0.08854396676971044 0.08883254126397966 0.1313764017089678 0.08883254126398313 0.08906614429315689 0.1329497779411128 0.1313764017089689 0.1329497779411128 0.1736411022017303 
12 0.08769313201104358 0.08771865676641323 0.1195876270947249 0.08771865676641544 0.08790101108454117 0.1285294515115429 0.1195876270947251 0.1285294515115453 0.1639650841622625 
11 0.08756800107697334 0.08760185863579287 0.1181046346550334 0.08760185863579505 0.08759803453452637 0.1252745461819755 0.1183143432230816 0.1252745461819777 0.1617241395261897 
10 0.08472119502212128 0.08480919906804037 0.1164686995772891 0.08480919906804318 0.08485856246434599 0.1163236187709745 0.1164686995772899 0.1163236187709745 0.161571286651935 
9 0.08963834315679764 0.0895412044541929 0.1166971182525929 0.08954120445418971 0.08944899144261671 0.1165791118086262 0.1166971182525947 0.1165791118086273 0.1704502457466039 
8 0.08921144208294203 0.08912227516546238 0.117453280615707 0.08912227516545902 0.08903050146706264 0.1173683317682721 0.1174532806157087 0.1173683317682741 0.2047415715096451 
7 0.09044505838367477 0.0903500786401735 0.1605770079887205 0.09035007864016979 0.09023585871398186 0.1605182897938638 0.1605770079887231 0.1605182897938639 0.2017244545244228 
6 0.09164658697746546 0.09153140175447071 0.2398553462816403 0.09153140175446718 0.09141032248483902 0.2399527542378993 0.2398553462816382 0.2399527542379006 0.2420184459145658 
5 0.1458537130893973 0.1459952379291735 0.2540186676946121 0.1459952379291714 0.08902717270281892 0.2539805533473421 0.2554925478324789 0.2539805533473434 0.2734133675577161 
4 0.1724439586773981 0.1404979989892342 0.2632558394646896 0.1404979989892327 0.1406497463822157 0.263331244060577 0.2632558394646879 0.2633312440605777 0.2960488529199149 
3 0.1749081074882361 0.1751972096027436 0.2814444173643494 0.1751972096027426 0.1752662797243558 0.2814325395013474 0.2814444173643471 0.2813692343870394 0.3639313399739617 
2 0.2192798648350075 0.2191601559849777 0.2525940864252555 0.2191601559849767 0.2192198864078641 0.2526934061991832 0.2525940864252539 0.2526934061991827 0.5762993946461904 
1 0.2660633932968265 0.2661691755583247 0.5511763104105927 0.2661691755583245 0.2662337236866819 0.5512174203184944 0.5518196426442411 0.5519040819633482 0.6840120722166979 
