100 0.001526982555142932 0.00151868963280498 0.001558903380325721 0.001518689632805013 0.001512097778907974 0.00154735499924959 0.001558903380325704 0.001547354999249648 0.001616022260782648 
99 0.00152702461360206 0.001518212180880115 0.001568369052416483 0.001518212180880133 0.001513010742648307 0.001556957618954838 0.001568369052416473 0.001556957618954865 0.001615998245736855 
98 0.001527099550123188 0.001519174904457661 0.001592319929008452 0.001519174904457668 0.001513725054741739 0.001581157162220841 0.001592319929008459 0.001581157162220916 0.001638058721897848 
97 0.001527827905088456 0.00151977406596484 0.001592829993659868 0.001519774065964871 0.001513674512682133 0.001879760235068221 0.001592829993659895 0.001879760235068195 0.001664719117719727 
96 0.001528414486251558 0.001519484023820758 0.001889190242016937 0.00151948402382077 0.001513574151596775 0.001879614640468003 0.001889190242016912 0.001879614640467982 0.001664785013700914 
95 0.001529282638638414 0.001520176419416295 0.001891571852716141 0.001520176419416304 0.00151446276849825 0.002477398374379955 0.001891571852716114 0.002477398374379986 0.001692065868838703 
94 0.00152995764093527 0.001520697394356196 0.002484887237248222 0.001520697394356247 0.001515151760849541 0.002477765514131954 0.002484887237248222 0.002477765514132015 0.001960559640890413 
93 0.001529907376764689 0.001520711244081403 0.002484773647505132 0.001520711244081423 0.001515112567022587 0.002478411602800296 0.002484773647505103 0.002478411602800286 0.001985629403820759 
92 0.001544037382043082 0.001520625730060318 0.002484639748216604 0.001520625730060328 0.001515098799066183 0.002479600690874435 0.002484639748216589 0.002479600690874491 0.002217274532482787 
91 0.00156082169183065 0.001534645317037172 0.002485349806889446 0.001534645317037205 0.001515086660529929 0.002479517641862068 0.002485349806889443 0.002479517641862081 0.002267268073818307 
90 0.001561650182900574 0.001552963159516264 0.002486675915080652 0.001552963159516267 0.001530472152736617 0.002479735441781254 0.00248667591508067 0.002479735441781282 0.002322265523353466 
89 0.001562358905201796 0.001553620914657408 0.002489244540343018 0.001553620914657413 0.001549551837888165 0.002482345529929079 0.002489244540343001 0.002482345529929092 0.002800652555437852 
88 0.001570047496828453 0.001561326268272385 0.002496870933603173 0.001561326268272395 0.001557463847619659 0.002490589972951806 0.002496870933603194 0.002490589972951814 0.003209324523546785 
87 0.001573080124945158 0.00156468661908863 0.002497372764146145 0.001564686619088681 0.001565176589484834 0.002491098676373009 0.00249737276414615 0.002491098676373069 0.003209340711721764 
86 0.001573441028336555 0.001564344945522155 0.002498286488416716 0.00156434494552219 0.001569288205559405 0.002491959207021545 0.002498286488416679 0.002491959207021573 0.00320935544986114 
85 0.00158181429727421 0.001572938130406931 0.002510087245407399 0.001572938130406933 0.001569790098547408 0.002491946345908657 0.002510197986397308 0.002491946345908669 0.003209372163816382 
84 0.001773083064257874 0.001765666926049432 0.00263010320056024 0.001765666926049432 0.001570408638508311 0.002492016205569313 0.002630103200560258 0.002492016205569357 0.003209387858605943 
83 0.001947554870483459 0.001766079674936228 0.002630117176442862 0.001766079674936238 0.001571269248839601 0.002503869660948515 0.00263011717644286 0.002503869660948531 0.003209367675037045 
82 0.001947695737378351 0.001766367156997102 0.002630175353690278 0.001766367156997098 0.001763178184568361 0.002624596194607165 0.002630175353690244 0.002624596194607198 0.003209345696785091 
81 0.001947892334590846 0.001941110959338878 0.002631076319613451 0.001941110959338906 0.001938109295779373 0.002625438297221254 0.002631076319613433 0.002625438297221321 0.003209230281009296 
80 0.001947760634272606 0.001941066676187005 0.002634548656806873 0.001941066676187032 0.001937984860546521 0.002628967087924705 0.002634548656806879 0.002628967087924737 0.003209165793922722 
79 0.001947617353797189 0.001940982651603033 0.00263456986798174 0.001940982651603061 0.001937845442627338 0.002628997203482668 0.002634569867981746 0.002628997203482669 0.003209755334555607 
78 0.00194800329639073 0.001952406923894596 0.002634594633239088 0.001952406923894619 0.001949257055336868 0.002629000772231902 0.002634594633239095 0.002629000772231896 0.003211365380531327 
77 0.001948395342590882 0.001952331883050984 0.002634763166857847 0.001952331883051017 0.00196173810598279 0.002662417977403631 0.002634763166857827 0.002662417977403672 0.003212999536571571 
76 0.00195975355675493 0.001964979408518205 0.002635112442196674 0.001964979408518249 0.00196187607041001 0.002977724600692417 0.002635112442196663 0.002977724600692454 0.003217144755632381 
75 0.001972111537696615 0.001965011884830236 0.002636177223256222 0.001965011884830234 0.001962015853084088 0.002978317979438894 0.002636177223256217 0.002978317979438903 0.003224042664533264 
74 0.00198548468232895 0.001978407873734168 0.002670008408256563 0.001978407873734167 0.001975420125118466 0.002978513611861557 0.002670008408256545 0.002978513611861604 0.003235085115802733 
73 0.001999608104990729 0.001992596006054372 0.002984964639408993 0.001992596006054394 0.001989561060236634 0.002980333629154909 0.002984964639408994 0.002980333629154959 0.003253147863544188 
72 0.002422758246669782 0.002416860956518101 0.002986375975768407 0.002416860956518116 0.002414397569796682 0.002981421878981099 0.002986375975768389 0.002981421878981154 0.003274332103358221 
71 0.002783988825056296 0.002778770561303372 0.002988371211488563 0.002778770561303387 0.002776683434931584 0.00298332996760303 0.002988371211488558 0.002983329967603096 0.003292485442703234 
70 0.002784145423086957 0.002778942823397807 0.002993216942829979 0.002778942823397828 0.002776843891017309 0.002988181871304462 0.00299321694282993 0.00298818187130451 0.003317012577395911 
69 0.002784161871222682 0.002778926185275991 0.003039534597713768 0.002778926185275997 0.002776860705588335 0.003034707781940596 0.003039534597713744 0.003034707781940657 0.003375065611811844 
68 0.00278466511552311 0.002779524830797181 0.003154675307773221 0.002779524830797179 0.002777306488829666 0.003150473432292689 0.003154675307773209 0.003150473432292706 0.003432372965188946 
67 0.002785008304772101 0.00277976205411641 0.003188176895650664 0.002779762054116405 0.002777611216728813 0.003184130298275958 0.003188176895650639 0.003184130298276002 0.003545428587277305 
66 0.002785185423631897 0.002779923526617661 0.003189430519225018 0.002779923526617666 0.002777702435819173 0.003185423973021667 0.003189430519225003 0.003185423973021698 0.003667452348857799 
65 0.002785447633453756 0.002780186385095713 0.003277952680894561 0.002780186385095699 0.002777837752735123 0.003186510448390481 0.003277952680894573 0.003186510448390509 0.004565321080115049 
64 0.002788062369188505 0.002782896749989229 0.00327831010462314 0.00278289674998922 0.002780435658939831 0.003274200083051516 0.003278310104623101 0.003274200083051562 0.005322340077251037 
63 0.00279031748695697 0.00278518214116366 0.00432156370480532 0.002785182141163664 0.002782851578539559 0.004318196196519187 0.004321563704805276 0.004318196196519197 0.005512310762392869 
62 0.002793199410034851 0.002788245944645505 0.004321848862691777 0.002788245944645514 0.002785935167944237 0.004318459682054293 0.004321848862691748 0.004318459682054304 0.005684667528036338 
61 0.002829165791202552 0.002824600876408667 0.00432184821904498 0.002824600876408691 0.002823049007893496 0.004318448600814862 0.006232805890020537 0.004318448600814854 0.007163947123515886 
60 0.002867433221361672 0.002863417170651611 0.006232823017800756 0.002863417170651617 0.002862512657352801 0.006231509964994133 0.006232823017800738 0.006231509964994158 0.008375861916456413 
59 0.002899585935500418 0.002863594012563854 0.006235641709237378 0.002863594012563823 0.002873865616647773 0.006234289411234594 0.006235641709237336 0.0062342894112347 0.008375866553044257 
58 0.002933343449011012 0.002895623013123991 0.006244330717331281 0.002895623013123987 0.002879682229225723 0.006243182722341638 0.006244330717331285 0.006243182722341763 0.008375867128346218 
57 0.002933288165412015 0.002908427868555002 0.006287937278142895 0.002908427868554996 0.002879883675494794 0.006287406329904786 0.006288548111907095 0.006287406329904839 0.008375861306761235 
56 0.002933231210570856 0.0029137048746617 0.006674971412944869 0.002913704874661696 0.002880092646221262 0.006673670086155503 0.006674971412944839 0.006673670086155569 0.008375853461656365 
55 0.002946037189484337 0.002914045658936463 0.006675338018638047 0.002914045658936456 0.002913967106788997 0.006677006791655407 0.006675338018637979 0.006677006791655436 0.008375860278365843 
54 0.002952581156502617 0.002949151164709091 0.006676355386877291 0.002949151164709083 0.002949195534774365 0.006689066564261515 0.006676355386877288 0.006689066564261612 0.008375867296452321 
53 0.003739213391342958 0.00373604735865191 0.006679631327780096 0.003736047358651897 0.003735150767752527 0.006689333976168922 0.006679631327779997 0.006689333976169009 0.008375948186507873 
52 0.004390289919489264 0.004385990531413093 0.00669132526709938 0.004385990531413092 0.00438549449138675 0.006690060249819892 0.0066913252670993 0.006690060249819992 0.008375957551865891 
51 0.004420529484442368 0.004415879738461819 0.006692065718602666 0.004415879738461847 0.004388965077643698 0.006690810552903671 0.006692065718602632 0.006690810552903733 0.008390031569635638 
50 0.00445301031481243 0.004418692579969214 0.006694104100772067 0.0044186925799692 0.004418166156865709 0.006692825961569286 0.006694104100772022 0.006692825961569386 0.008397375575375983 
49 0.004455149949365684 0.004450289291907472 0.006695035708297145 0.004450289291907526 0.004449626155829959 0.006693794860689072 0.006695035708297109 0.006693794860689133 0.008446540451260471 
48 0.004494174369600483 0.004489124797392314 0.006697941634625108 0.004489124797392314 0.004488397663175472 0.006696702370125104 0.006697941634624972 0.006696702370125148 0.008499356470241368 
47 0.004530938629491061 0.004525745577036706 0.006818141560462479 0.004525745577036709 0.004524900445295148 0.006816525783078895 0.006818024917779541 0.006817108956579208 0.008519224900854681 
46 0.00453099074698802 0.005957093363116261 0.007774875438411925 0.005957093363116247 0.005956037659542751 0.007773461554146224 0.007774875438411833 0.007773461554146232 0.008539817646687306 
45 0.004530996597920093 0.005957093009531057 0.007778239033712126 0.005957093009531058 0.00710601549918637 0.007776852883953568 0.007778239033712072 0.007776852883953704 0.008713588854835865 
44 0.005960592839782983 0.005957147386070925 0.007786966017562074 0.005957147386070955 0.007106252478477892 0.007785608971405077 0.007786966017562019 0.007785608971405141 0.00880913049593404 
43 0.007110043462248992 0.007107115890646233 0.007876337893023569 0.007107115890646228 0.007106280551284223 0.007874994467322947 0.007876337893023468 0.007874994467323019 0.008839292980450417 
42 0.007110950782818828 0.007108025350375193 0.008152873404884728 0.007108025350375156 0.007107174525153352 0.008152235914984761 0.008152873404884724 0.008152235914984811 0.009258357022090911 
41 0.00711189670737709 0.00710898771849014 0.008250874122312053 0.007108987718490147 0.007108105924324693 0.008250476763753241 0.00825087412231199 0.008250476763753343 0.0120876365188278 
40 0.007117449294292391 0.007114550693041593 0.008540565190857554 0.007114550693041618 0.00711379772450708 0.00853962267496223 0.008540565190857519 0.008539622674962308 0.01240769065604388 
39 0.007123018277262963 0.007120223987607224 0.008540828601293682 0.007120223987607256 0.007119502905088403 0.01172263876405513 0.00854082860129373 0.01172263876405528 0.01462495429227217 
38 0.007182831571473739 0.007180440212557075 0.01173312770248523 0.007180440212557067 0.007125395980065377 0.01173180821614758 0.01173312770248508 0.01173180821614769 0.0146379072308599 
37 0.00721627687731091 0.007186251517053733 0.01173439460653602 0.007186251517053725 0.007126296768992717 0.01173304815680941 0.0117343946065359 0.01173304815680953 0.0146509865293349 
36 0.00722198509976475 0.007187115780622046 0.01749698510294686 0.007187115780622038 0.007186259431014586 0.01749441641905384 0.01749698510294671 0.01749441641905413 0.01524762073521289 
35 0.007222857018614495 0.007220342154105052 0.01750138414782587 0.007220342154105047 0.007219789397109871 0.01749893292062697 0.01750138414782578 0.01749893292062712 0.01595837173497642 
34 0.007291278950541003 0.007288824989796583 0.01751363859524598 0.00728882498979657 0.007288039314036561 0.01751153161184967 0.01751363859524586 0.01751153161184959 0.02016081484914005 
33 0.007358645871213307 0.007356146879253563 0.01766320311070913 0.007356146879253547 0.007355216508869979 0.01752349781606974 0.01766183935142797 0.0175234978160697 0.0236184477727379 
32 0.01005650573144154 0.0100532918530382 0.01877601323274413 0.01005329185303826 0.01005009368693806 0.01756785093710327 0.01877601323274396 0.01756785093710349 0.02361845496173251 
31 0.01210867103879555 0.01210338567697515 0.01878208714387349 0.01210338567697518 0.01210017810521802 0.01771389169779245 0.01878208714387353 0.01771298319098314 0.02364807798016003 
30 0.01210998235293216 0.01217746809873013 0.01880458344585486 0.01217746809873007 0.01217388676154622 0.01880090874269294 0.01880458344585482 0.01880090874269314 0.02365263106468052 
29 0.01218318514169414 0.01217813700512788 0.01880486906385298 0.01217813700512795 0.01224620249039938 0.0188011956342708 0.01880486906385269 0.0188011956342709 0.02376397407289261 
28 0.01225529382910663 0.01224992542689983 0.01880577122542376 0.01224992542689983 0.01224643116478018 0.01880212456839679 0.01880577122542362 0.01880212456839699 0.02387381062502581 
27 0.01239108433204984 0.01238590487845605 0.01926155059413268 0.01238590487845592 0.01238241992541681 0.01925914997928429 0.01926261782046591 0.01925773651458094 0.02389164743932988 
26 0.01248857797308306 0.01248358547667029 0.02217899094670914 0.01248358547667032 0.01248007278151924 0.0221754262825115 0.02217899094670913 0.02217542628251176 0.02390933410582901 
25 0.01250989794589639 0.01700492176240335 0.0223663974013302 0.01700492176240347 0.01700322544637491 0.02236229583837774 0.02236639740133011 0.02236229583837806 0.02428671696962016 
24 0.01253128493588459 0.01700992186956135 0.02298202568118459 0.01700992186956138 0.02052311945053936 0.02297593468771493 0.02298202568118442 0.02297593468771518 0.02437300352193705 
23 0.01703276213668183 0.02052792391654783 0.02299325488952778 0.01702786913969944 0.02052615895751081 0.02329363830010697 0.02299325488952759 0.02329363830010716 0.02597546601112093 
22 0.02053430663960418 0.02053096553698236 0.02331742491419218 0.02053096553698234 0.02052920673381495 0.02331117556550511 0.02331742491419211 0.02331117556550527 0.03512167466402177 
21 0.02055620860457446 0.02055287962288175 0.02335146849365207 0.02055287962288182 0.02055114258898884 0.02427029455879078 0.02335146849365198 0.02427029455879088 0.03605036036141956 
20 0.02067165567712166 0.02066750766899066 0.02433025099623291 0.02066750766899064 0.02066556415352151 0.02432381086534736 0.0243302509962325 0.02432381086534784 0.04314239623579163 
19 0.02069833651147071 0.02069438348894293 0.03450118944668528 0.02069438348894284 0.02069200183336947 0.03449723301676576 0.03450118944668493 0.034497233016766 0.04624030447082127 
18 0.0208714263700553 0.02086762799020144 0.05271008040512103 0.0208676279902015 0.02086487320550112 0.05270952091820106 0.05271008040512045 0.05270952091820134 0.04834019331161732 
17 0.02103966580545253 0.02103569986039147 0.05275138935822091 0.02103569986039127 0.02103288992828482 0.05275083373790564 0.05275138935822066 0.05275083373790621 0.06073150093995481 
16 0.03026070681271693 0.03025906932779671 0.05286960356229631 0.02192008912555395 0.02191790964118554 0.05286887300295173 0.05286960356229556 0.05286887300295189 0.07067447269060177 
15 0.03656663681927984 0.03064328017243446 0.05339631837047522 0.03064328017243452 0.02275250317828628 0.05339792873251966 0.05339631837047482 0.05339792873252036 0.0708406012864948 
14 0.03674127605697002 0.03673549778612233 0.05649726322371818 0.03673549778612212 0.03099912398901293 0.05649321122963452 0.0564972632237178 0.05649321122963538 0.07130893746795082 
13 0.03691432784082179 0.03690887115670805 0.05729173374989987 0.0369088711567082 0.03690263591764814 0.05859603007545588 0.05729173374989928 0.05859603007545613 0.07177224334499605 
12 0.03742754478117497 0.03742221716869798 0.05947238498675927 0.03742221716869795 0.03741604481112593 0.06869384744502395 0.05947238498675862 0.0686938474450247 0.0730633193435721 
11 0.03761682396767546 0.03761153830885564 0.06134780332838025 0.03761153830885575 0.03760542324970937 0.06915852861194927 0.06134993673587808 0.06915852861194986 0.08097988137250967 
10 0.05377737874464655 0.05377389675013602 0.07045056839177187 0.05377389675013611 0.05376983728529536 0.07044617646605388 0.07045056839177145 0.0704461764660541 0.09531462314116926 
9 0.0656867550413512 0.06568449066713326 0.07131180429666346 0.06568449066713301 0.06568153827935123 0.07130717379322693 0.07131180429666334 0.0713071737932275 0.1169772414351048 
8 0.06610796249326693 0.0661052511214425 0.07361530136999234 0.0661052511214428 0.06610171443170804 0.07361016133865515 0.07361530136999146 0.07361016133865551 0.142103691321931 
7 0.06613634058797482 0.06613362639904798 0.1130124250147285 0.06613362639904842 0.06612991822212466 0.1130123119419421 0.113012425014727 0.1130123119419432 0.1629719060357488 
6 0.06616371368270617 0.06616091382311541 0.1806461132023102 0.06616091382311526 0.06615712453116684 0.1806506779861674 0.1806461132023089 0.1806506779861703 0.1962927733267365 
5 0.105474544242351 0.1054758382793619 0.182030920124833 0.1054758382793631 0.07706303858113513 0.182034787734548 0.1820285742292332 0.1820347877345496 0.2032683296762079 
4 0.1235736974096599 0.1109675268778121 0.1874447059831826 0.1109675268778125 0.1109572328871195 0.1874454051106161 0.1874447059831804 0.1874454051106162 0.2289684684537748 
3 0.1274911931254227 0.1274860305345137 0.2072668448802005 0.1274860305345136 0.1274821407954741 0.2072695237308115 0.2072668448801985 0.2072766314908994 0.3378521733123844 
2 0.2169054521311942 0.2169077485322082 0.2655393332586453 0.2169077485322083 0.2169021742584957 0.265544261462059 0.2655393332586434 0.2655442614620619 0.5757086459908012 
1 0.2693473884719402 0.2693469305495844 0.5662550129170613 0.2693469305495843 0.2693455758829931 0.5662571825746548 0.5662742991058757 0.5662754090156878 0.715094227189107 
