100 4.497936626139257e-05
99 4.869084324450061e-05
98 5.698757639561762e-05
97 0.0001202151929082952
96 0.0001471414344365731
95 0.0002983489414922522
94 0.0003898278400158848
93 0.0003899119595872128
92 0.0003993636387508933
91 0.0004029306312573892
90 0.0004065123457073503
89 0.0004651801002517019
88 0.0005516102582275411
87 0.0005507441184090412
86 0.0005492002156044624
85 0.0005532438464427102
84 0.000613171427473437
83 0.0006297278019016777
82 0.0006765666685187769
81 0.0007080665284263333
80 0.0007027596579095804
79 0.0007025404596479366
78 0.0006994190565661078
77 0.0006960148329367381
76 0.0006664840772483443
75 0.0006638845834146755
74 0.0006578618271709653
73 0.0006243855450255148
72 0.0005894120069252322
71 0.0005619345030642893
70 0.0005562058699628107
69 0.0005215477591503144
68 0.0004559411130593552
67 0.0004553237865190149
66 0.0004574905436580922
65 0.0004779740488652238
64 0.0005011305382434724
63 0.0005674157932209032
62 0.0005757805446033482
61 0.0006825068633878668
60 0.000859408518758355
59 0.0008550219307183042
58 0.0008406245070093445
57 0.0008567029417576941
56 0.001008645757722758
55 0.001008524835156051
54 0.001007867612146746
53 0.001048470305880639
52 0.001128499789023874
51 0.001121559389747324
50 0.001117083018371486
49 0.001099507588897526
48 0.001079020295399261
47 0.001035532245356655
46 0.00067020771320215
45 0.0006128400710421454
44 0.000536952366789588
43 0.0005753212771275121
42 0.0004477692809866487
41 0.0005364687524771064
40 0.0006328436590968694
39 0.001518930274569046
38 0.00189213964809111
37 0.001905335240657967
36 0.005282953747414031
35 0.005335767015721535
34 0.005991762534258206
33 0.007083462428596671
32 0.008193605799374141
31 0.009030047975757396
30 0.00953109495152901
29 0.009439470291958253
28 0.00933162320869263
27 0.009131631848162361
26 0.008074795163307899
25 0.007172245160233511
24 0.006352534532779653
23 0.005967043134470571
22 0.005574019188609134
21 0.005481386566377282
20 0.005172218843084412
19 0.005035751389871108
18 0.00465279072290141
17 0.004267576734485462
16 0.004435660514301395
15 0.005165745629795345
14 0.007013810128826274
13 0.006449959952201956
12 0.006244578094260823
11 0.006669711817897487
10 0.01391769354620739
9 0.03158940797288225
8 0.05161302829491462
7 0.08952316997959212
6 0.2106722854129194
5 0.240131661383701
4 0.2995218200517014
3 0.2656090669347961
2 0.1162733455999738
1 0.2779439519996774
