100 8.533355578172254e-05
99 9.345462009721391e-05
98 0.0001112465012050112
97 0.0002513921086969453
96 0.000250891635649465
95 0.000618884189088387
94 0.0006178055330728039
93 0.0006148860794930403
92 0.0006089234503527179
91 0.0006087863718558587
90 0.000608705672687685
89 0.0007936545030692129
88 0.001127614927984385
87 0.001126652059435367
86 0.001125704651930828
85 0.001125092622851506
84 0.001124453603246272
83 0.001123846908818751
82 0.001122903000400889
81 0.001125400209245549
80 0.001126760986236127
79 0.001126617841060464
78 0.001126110021942216
77 0.001125557684293776
76 0.001125985267540439
75 0.001115195006872508
74 0.001097767974143053
73 0.001073490321907696
72 0.001042747429740361
71 0.001022997234752856
70 0.0009889469066761195
69 0.0009157788663064364
68 0.000837590760517615
67 0.0008459166851242481
66 0.0008516590321955913
65 0.0009932412708129781
64 0.001109116660558203
63 0.001152286286497578
62 0.00118489632759304
61 0.001547077262485324
60 0.001916168213666248
59 0.001916494572252023
58 0.001916534947626797
57 0.001916670941849735
56 0.001916849457940855
55 0.001916916771598553
54 0.001916986057083631
53 0.001918430957478463
52 0.001918600159687622
51 0.00190086326715439
50 0.00189165386594343
49 0.001812644254858611
48 0.001727155145371343
47 0.001698177018743287
46 0.001668054923623844
45 0.001360119870205401
44 0.001188256579467406
43 0.001205239646193092
42 0.0009591748646376144
41 0.001362960095792887
40 0.001597076082840515
39 0.003354892457818541
38 0.003326525764900132
37 0.00329787938623281
36 0.00784202737961919
35 0.007820510999858175
34 0.009522394295350583
33 0.01440328941094338
32 0.01440532209501832
31 0.01432167954532257
30 0.0143087090820732
29 0.01395466013206786
28 0.01360390516991832
27 0.01355105636967367
26 0.0134986072096078
25 0.01218792346794979
24 0.01188728186968603
23 0.01177996631278696
22 0.01130439092895671
21 0.01133644887380856
20 0.01072248645288112
19 0.01067933866740833
18 0.01054090997240187
17 0.009220904000284412
16 0.007952627884014716
15 0.007646933010795444
14 0.007936772471234513
13 0.007893890765978301
12 0.008933671458136944
11 0.009798566806110296
10 0.03074639498705277
9 0.07836996068354499
8 0.1419841147372726
7 0.1963445721538819
6 0.3176432492409533
5 0.3452656794189178
4 0.462412341715942
3 0.2963651830262764
2 0.1844615873029643
1 0.511488478996153
