100 0.0005343761841265124
99 0.0005413503695433422
98 0.0005302586155704331
97 0.000570109131359303
96 0.0005839887042410396
95 0.0006702508778098629
94 0.0007017243654879369
93 0.0007097398425794879
92 0.0007214050330324333
91 0.000722827833457623
90 0.000706618195957828
89 0.0007904622850421252
88 0.0008624980547712715
87 0.0008671044638755962
86 0.0008662326842980735
85 0.0008690131318573987
84 0.0009112507984299921
83 0.0009499260411062838
82 0.0009801568730673678
81 0.001025261329396519
80 0.001024016686957229
79 0.001027479235849631
78 0.001012661401559477
77 0.001037212005921752
76 0.0009554464326667497
75 0.0009589966060592828
74 0.0009620562102135977
73 0.0009591107575592153
72 0.000913891584709878
71 0.0009495178135200736
70 0.0009617271430088826
69 0.0008711845261550063
68 0.0007318799988697557
67 0.0006449831304732507
66 0.0005948696483548034
65 0.000649168576148864
64 0.0006905377188556321
63 0.000751567355349435
62 0.0006745621823894544
61 0.001030720768819496
60 0.00166830386661779
59 0.001661715094083743
58 0.001673339138059125
57 0.001640183235105551
56 0.001948640686405093
55 0.001976487065500225
54 0.002017707188256655
53 0.002211810520534636
52 0.002557248314923792
51 0.002617936384935023
50 0.002661932748613028
49 0.002722641922632569
48 0.002804742465346247
47 0.002789925278805542
46 0.002177223636425871
45 0.002019526625577278
44 0.001947146018682945
43 0.002540023128951999
42 0.002272691221890366
41 0.002340847456899691
40 0.002437742131328276
39 0.003147494999972275
38 0.003865735686825916
37 0.003828980342735955
36 0.01252611115111887
35 0.01259372323215667
34 0.01343293017863256
33 0.0147809907359522
32 0.01773897725683252
31 0.01993854218361513
30 0.02038779268270364
29 0.02035351363551656
28 0.02029906745628206
27 0.02021420394462275
26 0.02147517239831015
25 0.02104254234212202
24 0.02235798832231985
23 0.02376009510626476
22 0.02559136308730189
21 0.02533768572104017
20 0.02949580365026468
19 0.03230004053771346
18 0.04463842836537642
17 0.0454769995298176
16 0.05092420148438658
15 0.05681207044291636
14 0.06896366299549619
13 0.06913152620272153
12 0.06159994546167843
11 0.06030663794984322
10 0.0420051632427732
9 0.03598139969685669
8 0.03275613380821289
7 0.02348956112761066
6 0.03519951461786163
5 0.0346875252907197
4 0.03366244837689591
3 0.05009744942796848
2 0.1140322101721915
1 0.2575446131044992
