100 0.0007092270252487441
99 0.0007130919517926404
98 0.0007471614410321344
97 0.0007831477338256621
96 0.0007820527990777222
95 0.001059499380542811
94 0.00105413371273166
93 0.001075634010412185
92 0.001085417169019589
91 0.00116714201599827
90 0.0011511121192954
89 0.001782313342446306
88 0.002275644631569537
87 0.002277892270416348
86 0.002279870738528999
85 0.002281616141692248
84 0.002283318125612485
83 0.002282169170777764
82 0.00228103326526606
81 0.002274760450363396
80 0.002271210151353765
79 0.002291530648035118
78 0.002293991597761303
77 0.002296515690386171
76 0.002270994340217446
75 0.002303432450263471
74 0.002355037217235098
73 0.00232863760261216
72 0.00229804700478361
71 0.002357170343270723
70 0.002437438206380414
69 0.002183984192120379
68 0.001926545011962861
67 0.001549864918829394
66 0.001126756482357573
65 0.001428690331278777
64 0.001732619159720078
63 0.001942948579849473
62 0.001539940100314989
61 0.002107137945496667
60 0.002153649171136983
59 0.002181689183304615
58 0.002205849749085589
57 0.002297701220567555
56 0.002229713513281011
55 0.002243773380866184
54 0.002195188430079179
53 0.002282700207119417
52 0.002841454558249178
51 0.002777492012526812
50 0.002709375176345502
49 0.002701591677876558
48 0.002975049310301704
47 0.003231784535239183
46 0.003200429287981917
45 0.002746092741347836
44 0.002480134268281929
43 0.002670977274103139
42 0.002680742900135985
41 0.002690937971318954
40 0.002897944934453902
39 0.006129597712699792
38 0.005880344889592973
37 0.00562855057449735
36 0.01611212804391582
35 0.01596532057257062
34 0.01762153945753636
33 0.02755663310682227
32 0.02757751790461037
31 0.02772188034639242
30 0.02774388442746579
29 0.02800347660432229
28 0.0282567365970838
27 0.02801662557624415
26 0.02944748628150918
25 0.03012431387423908
24 0.03006534821348339
23 0.03015569346333299
22 0.03565353610148014
21 0.03567321444886554
20 0.05508360371400505
19 0.05596374114156554
18 0.0635775435634371
17 0.0638169366324914
16 0.08277719585009397
15 0.09060647854550351
14 0.08924653327853554
13 0.08788616179704249
12 0.08669864908646441
11 0.08625116761185878
10 0.05693926718418857
9 0.04775599982880446
8 0.04012837552037894
7 0.0305868099689899
6 0.04091982266299487
5 0.0426654246373581
4 0.04883630336061306
3 0.0896765481980878
2 0.2546610245737832
1 0.3983885612050387
