100 0.0001383377143878303
99 0.0001365362350253286
98 0.0001346263370283725
97 0.0001325609665924787
96 0.0001304857590054775
95 0.0001301190801786233
94 0.0001298230379735287
93 0.0001243939294004557
92 0.0001209174677559882
91 0.0001208734188387774
90 0.0001208324815325588
89 0.0001197319902213995
88 0.0001204615366397906
87 0.0001221127029330041
86 0.0001232392952684422
85 0.0001251171003686959
84 0.0001273193089415103
83 0.0001296128719747145
82 0.0001322283195089306
81 0.000136038876029337
80 0.000138325966748983
79 0.0001442177245805196
78 0.0001520906761902695
77 0.000161018816769347
76 0.0001721040389811781
75 0.0001739748658115203
74 0.0001763945216597526
73 0.0001799059189515212
72 0.0001844152898199903
71 0.0001889829281572069
70 0.0001946713881438096
69 0.0002031780715325622
68 0.0002172639762852488
67 0.0002192042067375436
66 0.0002204870251892584
65 0.0002536457901827714
64 0.0002900885372079005
63 0.000291774593176399
62 0.0002929975241867187
61 0.0003532583666667724
60 0.0004125186745182888
59 0.0004121609738596547
58 0.0004117558385939049
57 0.0004114518743569789
56 0.0004100200639119147
55 0.0004094511066079847
54 0.0004065775807476836
53 0.0004048864115230999
52 0.0004024999798616292
51 0.000399113975043256
50 0.0003973508903637175
49 0.0003922508482748367
48 0.0003891423730910932
47 0.0003885273865758458
46 0.0003880139402037462
45 0.0003858339891950304
44 0.0003848426009931596
43 0.0003688686527682733
42 0.0003547644571149844
41 0.0003446648117529746
40 0.0003395486529388049
39 0.0003318183255814942
38 0.0002725711935775513
37 0.0002671148857982341
36 0.0002204646789756696
35 0.0002195982035998842
34 0.0002180586188769303
33 0.0002040007212504644
32 0.0001918423074554106
31 0.0001920272151696497
30 0.0001924809138776394
29 0.0001927732401220114
28 0.0001958342738611755
27 0.0001980111539717769
26 0.0002088521761671858
25 0.0002207040514299202
24 0.000231081540573847
23 0.0002341886719322409
22 0.0002366816907480662
21 0.0002802855101668067
20 0.0003155158787508866
19 0.0003457144751379558
18 0.0003700706807859029
17 0.0007710768533949125
16 0.001145255857834376
15 0.001143408414073648
14 0.001139548209460504
13 0.001129186075146481
12 0.001024277281348043
11 0.001029410388315227
10 0.001031596995314275
9 0.001570252909048331
8 0.002277043855691735
7 0.003637034622264453
6 0.004909557732697216
5 0.02836884826528581
4 0.04189643430070513
3 0.04141597593945202
2 0.04837901809420458
1 0.07343295327527644
