100 0.0001995599558461565
99 0.0001963925701507537
98 0.0001929929925152817
97 0.0001891332159485471
96 0.0001851876091484075
95 0.0001844866186573141
94 0.0001839142475600319
93 0.0001744085027196149
92 0.0001763509598984058
91 0.000176431261412511
90 0.000176507281060766
89 0.0001797486268454692
88 0.0001827970503486016
87 0.0001883857658222213
86 0.0001915678271453186
85 0.0001970011883272597
84 0.0002024925831047899
83 0.0002069904929668752
82 0.000211686656496072
81 0.0002189561185883111
80 0.0002229988822362405
79 0.0002272981155531982
78 0.000231964045696722
77 0.0002368510235047357
76 0.0002425059106389692
75 0.000246296162775677
74 0.0002511708485087489
73 0.0002581355479092248
72 0.0002669984295337259
71 0.000276228997450422
70 0.0002876059013925645
69 0.0003043200159472505
68 0.0003315333304144304
67 0.0003338403994616436
66 0.0003353630421978217
65 0.0003745236635690819
64 0.000416534297239012
63 0.0004184887874918933
62 0.0004199058358054846
61 0.0004881499109634897
60 0.0005543124034048522
59 0.0005540680510600334
58 0.0005537912110389298
57 0.0005535768557915536
56 0.0005525664621120573
55 0.0005521883721744583
54 0.0005502762585156476
53 0.0005491299227016967
52 0.0005475096147283917
51 0.0005424462721661767
50 0.0005398082614043063
49 0.0005321993300712001
48 0.0005275571250720947
47 0.0005266372348358164
46 0.0005258691166592374
45 0.0005225961282461962
44 0.0005211070557702291
43 0.0005088683619103671
42 0.0004978617181790708
41 0.0004898248060263336
40 0.0004826073364633996
39 0.0004716507577260924
38 0.0003811415465774185
37 0.000377071960571108
36 0.0002954287628944836
35 0.0002937747420934517
34 0.0002908132312770344
33 0.0002620564149440752
32 0.0002337950270525054
31 0.0002361057277670378
30 0.0002390901588764419
29 0.0002409274655311502
28 0.0002498902307624619
27 0.0002546914293273708
26 0.0002693269135596293
25 0.0002817530012778196
24 0.0002904461008382708
23 0.0002948892937820207
22 0.0002982100448009342
21 0.0003581555751238947
20 0.0004062326759563492
19 0.0004491354887827238
18 0.0004825675365711905
17 0.001029165885015784
16 0.00153523966711901
15 0.001535291154694672
14 0.001535614016445853
13 0.001536249889081573
12 0.001544293239978921
11 0.001564964526578595
10 0.001572331142961394
9 0.002650137981300993
8 0.003616412912381222
7 0.005220598019846992
6 0.006659161438950332
5 0.03429118849890339
4 0.05048768853422199
3 0.05071006873185315
2 0.0649372057414067
1 0.07753763989322641
