100 4.057703576434062e-05
99 4.103372407407343e-05
98 4.152483984223993e-05
97 4.211024501864412e-05
96 4.271021772679313e-05
95 4.282810834619296e-05
94 4.29245348192164e-05
93 4.518657358573211e-05
92 4.75897392330978e-05
91 4.761324004959841e-05
90 4.763555834148207e-05
89 4.940502085758098e-05
88 5.107788792710706e-05
87 5.363490423741775e-05
86 5.509191416851775e-05
85 5.726622388826897e-05
84 5.946512341058363e-05
83 6.158052220108472e-05
82 6.378910713196901e-05
81 6.644737406782825e-05
80 6.792703647103445e-05
79 7.180429648967327e-05
78 7.647607415055841e-05
77 8.136550446749968e-05
76 8.718731697319e-05
75 8.769015381800299e-05
74 8.833697353714294e-05
73 8.927667702963039e-05
72 9.047297811070289e-05
71 9.160590867102821e-05
70 9.300295272940694e-05
69 9.519571642788148e-05
68 9.876904409474859e-05
67 9.926046813071297e-05
66 9.958471431637241e-05
65 0.0001082815667659333
64 0.000117617124346309
63 0.0001180820991126422
62 0.0001184190194575952
61 0.0001339728897764246
60 0.0001490632276396342
59 0.0001489360964472292
58 0.0001487920682571666
57 0.0001486919131973575
56 0.0001482198124244795
55 0.0001480362255843127
54 0.0001471077690824461
53 0.0001465309522785137
52 0.0001457156631608453
51 0.0001449467978834805
50 0.0001445462233827008
49 0.0001433300443225628
48 0.0001425880894236176
47 0.000142449643002258
46 0.000142334042605564
45 0.00014185251279277
44 0.000141633443764118
43 0.0001367356831049838
42 0.0001322605978884812
41 0.0001289933326670336
40 0.0001279294653836975
39 0.0001263138908850774
38 0.0001137100207190928
37 0.0001119925221782335
36 0.0001010058443593716
35 0.0001008085413279994
34 0.0001004547860566598
33 9.673514626843449e-05
32 9.308143083049485e-05
31 9.272546869763829e-05
30 9.22648846732573e-05
29 9.193674506052305e-05
28 9.033506926586872e-05
27 8.967422118147919e-05
26 8.724455635107681e-05
25 8.500164500202723e-05
24 8.333243031110423e-05
23 8.386113109834641e-05
22 8.428548810234672e-05
21 9.235580626043294e-05
20 9.885101307279645e-05
19 0.0001042880402429691
18 0.0001086690189954454
17 0.0001817054888605207
16 0.0002496841330002477
15 0.0002492358936022018
14 0.0002483784408056457
13 0.0002460478059519109
12 0.0002201827666227758
11 0.0002073196437344121
10 0.0002021064583895818
9 0.0004671639047664109
8 0.001070030310143617
7 0.002119965348967004
6 0.003067904097363344
5 0.02020529561633868
4 0.03008636122751063
3 0.0304969481979306
2 0.05203209219087274
1 0.07373231990697215
