100 5.504557779745108e-05
99 5.544569144792347e-05
98 5.587501760383757e-05
97 5.632919072841117e-05
96 5.679340723195531e-05
95 5.682789129462884e-05
94 5.685617803381307e-05
93 5.80363294672508e-05
92 5.927501657671897e-05
91 5.925108414349034e-05
90 5.922844671161214e-05
89 5.904737770559704e-05
88 5.887627259422189e-05
87 6.136031235965714e-05
86 6.277388132106089e-05
85 6.498246914100107e-05
84 6.721295266127501e-05
83 6.926395572012486e-05
82 7.14049929727031e-05
81 7.399725112950284e-05
80 7.543819441564308e-05
79 7.921044300444782e-05
78 8.38056535912974e-05
77 8.861392932130494e-05
76 9.515952864390441e-05
75 9.568504414000699e-05
74 9.636097341086338e-05
73 9.73308084082819e-05
72 9.856528462418054e-05
71 9.962096830734523e-05
70 0.0001009223509454636
69 0.0001030473841206009
68 0.0001065087386224238
67 0.0001070378594252547
66 0.0001073869544572763
65 0.0001162800213993039
64 0.0001258199147546848
63 0.000126280322062206
62 0.0001266139323864353
61 0.0001418554126801048
60 0.0001566339647940308
59 0.0001564922296129543
58 0.0001563316562587591
57 0.0001562359343260863
56 0.000155784722832121
55 0.0001556063365115536
54 0.0001547041639982606
53 0.0001540904284279539
52 0.0001532229500114142
51 0.0001524604732341586
50 0.0001520632147758977
49 0.000150827768346037
48 0.0001500740425629318
47 0.0001499404770528823
46 0.0001498289519519945
45 0.0001493820296659444
44 0.0001491786976696796
43 0.0001442459821255122
42 0.0001396309290061184
41 0.0001362612766058346
40 0.0001350587159009334
39 0.0001332326485752297
38 0.0001195841903059743
37 0.0001179086058361538
36 0.000105955418180943
35 0.0001057077527211791
34 0.000105263802331789
33 0.0001016283164772647
32 9.861517940081424e-05
31 9.810890520567824e-05
30 9.745384721079795e-05
29 9.710306605785852e-05
28 9.539055548544771e-05
27 9.435406236846988e-05
26 9.1369443259693e-05
25 8.919206765228355e-05
24 8.817656782014151e-05
23 8.865341789987477e-05
22 8.903619816467955e-05
21 9.581944220347555e-05
20 0.000102930363585157
19 0.0001082414354504274
18 0.0001125205688628365
17 0.0001860730909689717
16 0.0002545187573470114
15 0.0002539745110978228
14 0.0002530545125587412
13 0.0002505541546691022
12 0.0002253105191705431
11 0.0002123305178079864
10 0.0002076272799140041
9 0.0005144784517417484
8 0.001139060170241745
7 0.002184599471171385
6 0.00312849014238533
5 0.02018041522445343
4 0.02993758260505088
3 0.03041130905815774
2 0.05285819997007778
1 0.07449978143367703
