100 0.001415290186197893 
99 0.001426757598062063 
98 0.001422801226479083 
97 0.001421633096577177 
96 0.001417253635090347 
95 0.001425851545572223 
94 0.001430561671101034 
93 0.001448710455909067 
92 0.00147088471991141 
91 0.001474787464837251 
90 0.001470793710476666 
89 0.001467055299153867 
88 0.001446164200881002 
87 0.001481919061580274 
86 0.00148196022659438 
85 0.00149491346865596 
84 0.00149759842817308 
83 0.001523807382941407 
82 0.001532910803608631 
81 0.001537828704764557 
80 0.001524312127411338 
79 0.001555964373662759 
78 0.00156977666305303 
77 0.001606006596730529 
76 0.001567632682254071 
75 0.001590135702363185 
74 0.001589921108029442 
73 0.0016206534046806 
72 0.001611349345709808 
71 0.001636347183049884 
70 0.001641454263232991 
69 0.00165436052161301 
68 0.001630515325550701 
67 0.001641962278172342 
66 0.001646067126906172 
65 0.00169361435263574 
64 0.001719723654529652 
63 0.001713358446513824 
62 0.001702166369296707 
61 0.001744055187729505 
60 0.001706037715445678 
59 0.001707055604575343 
58 0.001706703933191369 
57 0.001706843286427767 
56 0.001706935925457697 
55 0.001708157590573117 
54 0.001698989420657949 
53 0.001700303731366293 
52 0.001692568865799921 
51 0.001709996845842043 
50 0.001702969966409162 
49 0.001705630686295937 
48 0.001702561702915477 
47 0.001705976286399408 
46 0.001703646592343679 
45 0.001706527032445113 
44 0.001701354456260174 
43 0.00174503903632134 
42 0.001750876215242659 
41 0.001758449433985139 
40 0.001776007844146517 
39 0.001785874850146231 
38 0.001821194046354234 
37 0.001825596935134169 
36 0.001833499994401484 
35 0.001842750110970604 
34 0.001821683623295436 
33 0.001794937677989351 
32 0.001733698753842462 
31 0.001801716324672464 
30 0.001795724571805129 
29 0.001783109349656488 
28 0.001788893159127306 
27 0.001797150025414391 
26 0.001744295712389343 
25 0.001694848433936791 
24 0.001667822380797905 
23 0.001681423436525018 
22 0.001686600311540194 
21 0.001736303913278738 
20 0.00176092232401894 
19 0.001760452830797185 
18 0.001728121030856525 
17 0.00207104138148512 
16 0.002646548177197131 
15 0.002643147132322388 
14 0.00263674454059144 
13 0.002619371878612049 
12 0.00243038658208989 
11 0.002430802797917194 
10 0.0024309727539986 
9 0.005758998595471237 
8 0.007070764771337066 
7 0.007561532472706717 
6 0.009031756581729991 
5 0.02728830885528631 
4 0.03074994125496032 
3 0.04812992038796297 
2 0.1948805750593754 
1 0.2665552159487949 
