100 0.0009312347482682842 
99 0.0009311786110546856 
98 0.0009311095955716623 
97 0.0009310369824268782 
96 0.000930977840071683 
95 0.0009313542567568132 
94 0.0009316568921171193 
93 0.0009386706871261515 
92 0.000945986255860578 
91 0.0009461252720508889 
90 0.000946255567739582 
89 0.0009524176796487619 
88 0.0009581693391106734 
87 0.0009615439527088447 
86 0.0009634338216681774 
85 0.0009667079811342744 
84 0.0009699057098727315 
83 0.0009723688152643597 
82 0.0009749228562262107 
81 0.000978864715564514 
80 0.0009810236290188857 
79 0.0009838256545947395 
78 0.0009870859989842857 
77 0.0009905652947279626 
76 0.0009946502232304421 
75 0.0009947721704644395 
74 0.0009949197403507767 
73 0.0009951356114351569 
72 0.0009953951316664196 
71 0.0009956916790540226 
70 0.0009960543850222824 
69 0.0009966184695446661 
68 0.0009975128928881728 
67 0.0009975469982045338 
66 0.0009975694996983261 
65 0.0009982490334768191 
64 0.0009989562033571357 
63 0.0009990009890186455 
62 0.000999035203059416 
61 0.001000931720485314 
60 0.001002767210082216 
59 0.001002785590945587 
58 0.001002805825472907 
57 0.001002821941560439 
56 0.001002898326798469 
55 0.001002927542684248 
54 0.001003075348440068 
53 0.001003164303180354 
52 0.001003288657052363 
51 0.001003402733464265 
50 0.001003460726441479 
49 0.001003635710986223 
48 0.001003745822726797 
47 0.001003768097462018 
46 0.001003786545035357 
45 0.00100386812225605 
44 0.001003903976336078 
43 0.001005798262896976 
42 0.001007521182016072 
41 0.001008760175396787 
40 0.001010077041488504 
39 0.001012056754845067 
38 0.001028754211234047 
37 0.001029372056788458 
36 0.001044259671413503 
35 0.001044579540914407 
34 0.001045134974851026 
33 0.001050771161387419 
32 0.001056221728153683 
31 0.001059606998339682 
30 0.001063879214205146 
29 0.001067024630249989 
28 0.001082277481734736 
27 0.00108730099658171 
26 0.001105629195646186 
25 0.00112207022825311 
24 0.001133835840698067 
23 0.001134296707882419 
22 0.001134668588799923 
21 0.001141333851376138 
20 0.001146690493664921 
19 0.001151191717701292 
18 0.00115482566669655 
17 0.001212455548746029 
16 0.001263784298862116 
15 0.0012644820325085 
14 0.001265784666487767 
13 0.001269354110587791 
12 0.001307472290427692 
11 0.001386514287078999 
10 0.00141699513145938 
9 0.003624842592571969 
8 0.004812220295021235 
7 0.006359927289097038 
6 0.007485623668241257 
5 0.01823699676749872 
4 0.02214667812502461 
3 0.03770695553476915 
2 0.1937985146013612 
1 0.2698481188841485 
