100 3.811530838508582e-05
99 3.680727682626889e-05
98 3.540316590901152e-05
97 3.378840213349966e-05
96 3.213793501787561e-05
95 3.16596473775434e-05
94 3.126916592324338e-05
93 2.223939815557088e-05
92 1.284966660166067e-05
91 1.265393011502876e-05
90 1.24683180399939e-05
89 4.001604159435053e-06
88 5.983012182251547e-06
87 9.933103939059651e-06
86 1.224517662768642e-05
85 1.566725797824853e-05
84 1.913649809348618e-05
83 2.216686819565656e-05
82 2.533171479258759e-05
81 2.928099756723797e-05
80 3.147885034064725e-05
79 3.605810675054314e-05
78 4.187093920354656e-05
77 4.795203246465856e-05
76 5.548822134164817e-05
75 5.622843294362998e-05
74 5.718043731401726e-05
73 5.85345808683226e-05
72 6.025814267295372e-05
71 6.181710844254902e-05
70 6.373894164943832e-05
69 6.666481199037772e-05
68 7.142943799712493e-05
67 7.218186746369952e-05
66 7.267843510000627e-05
65 8.572133712867322e-05
64 9.971497395756366e-05
63 0.0001003594645995767
62 0.0001008266316353966
61 0.0001227458899054152
60 0.0001439984039190638
59 0.0001438616237990913
58 0.0001437066601011962
57 0.0001436026079108812
56 0.0001431121306495833
55 0.0001429060231910787
54 0.0001418636631226042
53 0.0001412122335546728
52 0.0001402914678903835
51 0.0001392517054091164
50 0.0001387099946546907
49 0.0001370795458089953
48 0.0001360848233564036
47 0.0001358870380543573
46 0.0001357218865827313
45 0.0001350754169113219
44 0.0001347813111481521
43 0.0001296867277673776
42 0.0001250004352471687
41 0.0001215781741580224
40 0.0001206606567916748
39 0.0001192681351940536
38 0.0001082282794789584
37 0.0001064447217481417
36 9.691361214569535e-05
35 9.675597647019831e-05
34 9.647371477723765e-05
33 9.311308849121628e-05
32 8.981118792369481e-05
31 9.059602722644192e-05
30 9.16095196930021e-05
29 9.223715607801376e-05
28 9.528762454457083e-05
27 9.637978958686694e-05
26 0.0001003651655648266
25 0.0001032524413048284
24 0.0001053932030826932
23 0.0001067744656690722
22 0.0001078822652550314
21 0.0001283576982359476
20 0.0001448273678577963
19 0.0001585772284152858
18 0.0001696491084317788
17 0.00035287641305465
16 0.0005233869510796872
15 0.0005221954715432732
14 0.0005199062282677179
13 0.0005136932738218586
12 0.0004432508450268685
11 0.0004225449625542978
10 0.0004142183298963508
9 0.00070904270853273
8 0.001720805984042438
7 0.003484467874664084
6 0.005076567943188065
5 0.03389547020276809
4 0.05053158446937525
3 0.04872778068523195
2 0.01271697673120519
1 0.07134581081258004
