100 4.237167957183831e-05
99 4.118302578615095e-05
98 3.970496029387933e-05
97 3.818013526457856e-05
96 3.643407774460506e-05
95 3.597051689873421e-05
94 3.556074691258652e-05
93 2.706423339592405e-05
92 1.708106272961785e-05
91 1.689356173809239e-05
90 1.665908657105955e-05
89 8.340538514959889e-06
88 1.117552730472562e-05
87 1.507431439739466e-05
86 1.725358228093568e-05
85 2.097548218226919e-05
84 2.378669426030952e-05
83 2.705253343606738e-05
82 2.97510951485633e-05
81 3.375716451234541e-05
80 3.57808272529061e-05
79 4.050677791381519e-05
78 4.708425464595065e-05
77 5.23623605835356e-05
76 6.000537811169703e-05
75 6.081039919312956e-05
74 6.160375074652071e-05
73 6.301363534647396e-05
72 6.465764129396895e-05
71 6.630040211702614e-05
70 6.81731780936038e-05
69 7.127951398146017e-05
68 7.586560999443964e-05
67 7.665297428212396e-05
66 7.715530906992069e-05
65 9.050072591905557e-05
64 0.0001039553957517899
63 0.0001045855475197532
62 0.0001050069638460347
61 0.0001276321748215752
60 0.0001494558830237924
59 0.0001493324881271549
58 0.0001491628685931891
57 0.000149044090125722
56 0.0001484645482251936
55 0.000148235370008066
54 0.0001470706071235794
53 0.0001464336064746428
52 0.0001454510721324632
51 0.0001442962356921632
50 0.0001436716648332057
49 0.0001419192236082782
48 0.0001408063123336487
47 0.0001405932675936227
46 0.0001404020602909042
45 0.0001396458658260613
44 0.0001392659420953858
43 0.0001340441508140661
42 0.0001292719718529551
41 0.0001257550636891054
40 0.0001248185893574947
39 0.0001231576943213016
38 0.0001130857508275707
37 0.0001111394740423864
36 0.0001008118612978476
35 0.0001006572106891628
34 0.000100380218507286
33 9.676856440853044e-05
32 9.322022083030248e-05
31 9.382717499572869e-05
30 9.461069064727005e-05
29 9.514175864586729e-05
28 9.789832966421992e-05
27 9.879726680226032e-05
26 0.0001020736047100746
25 0.0001048827248779059
24 0.0001069652207840733
23 0.0001083731311217537
22 0.0001095023080177924
21 0.0001299838486495068
20 0.0001466548221058298
19 0.0001606112224212224
18 0.0001716872761757185
17 0.0003557022936982572
16 0.0005269050267608346
15 0.0005257392174335548
14 0.0005235944218221484
13 0.0005175337105349523
12 0.0004485865249326382
11 0.0004287645375047884
10 0.000420585583389037
9 0.000774853782316663
8 0.001829277157444981
7 0.003586546221212475
6 0.005172796912565357
5 0.03380178221051664
4 0.05031583705933401
3 0.04865354088772174
2 0.01401686885844676
1 0.07310159545547296
