100 0.0003105949897548033
99 0.0003110337778532467
98 0.0003115185209205101
97 0.0003129128034785033
96 0.0003144963730471184
95 0.0003175011403406755
94 0.000320025174486286
93 0.0003464315648359829
92 0.0003770168624679557
91 0.0003764453737264006
90 0.0003759102895533851
89 0.0003675870378388425
88 0.0003605466364320111
87 0.0003621521781380731
86 0.000363098137294422
85 0.0003609050562736212
84 0.0003587028151513673
83 0.0003565285783383517
82 0.0003542961661426569
81 0.000352088603031474
80 0.0003506090379688332
79 0.0003606003900114085
78 0.000372453260653299
77 0.0003843277994133695
76 0.0003924645584081507
75 0.0003901568851019603
74 0.0003871025163532382
73 0.0003819016399860182
72 0.0003751810373741116
71 0.000373219744388142
70 0.000370823269423964
69 0.0003632824236916104
68 0.0003513557689907082
67 0.0003491440435218596
66 0.0003477144197276887
65 0.0003369475118262781
64 0.000324654989740874
63 0.0003248505145138343
62 0.0003249903480500349
61 0.0003356607598971101
60 0.0003522875764211995
59 0.0003524236198455415
58 0.0003525788623917639
57 0.0003524377410423823
56 0.0003517810447633718
55 0.0003525678689551698
54 0.0003565661942937845
53 0.0003574274774374736
52 0.0003586236735808322
51 0.0003615880316076313
50 0.0003631390124707539
49 0.0003695497954395586
48 0.0003734953718507015
47 0.0003733275847565142
46 0.0003731872214948618
45 0.0003743729414472235
44 0.0003749256328584569
43 0.0003874881079047974
42 0.0003783936464263089
41 0.0003717552999596692
40 0.0003592404225948553
39 0.0003408469621477699
38 0.000255280833982739
37 0.0002488952529593963
36 0.000183782902124823
35 0.000184493431597822
34 0.0001857866326501567
33 0.0002042243553673723
32 0.0002311468763102793
31 0.0002401730758479104
30 0.0002507684194043562
29 0.0002437285982481623
28 0.0002214148698704379
27 0.0002425575806462223
26 0.000343116497928844
25 0.0003591683329259174
24 0.0003531663567583396
23 0.0003586110327046174
22 0.0003629861800948766
21 0.0004427292177448242
20 0.0005088080051208778
19 0.0005534015060652215
18 0.0005893413164620908
17 0.00102597470461812
16 0.00143813854050341
15 0.001438804318104716
14 0.001431121717453323
13 0.001410348861190106
12 0.001168859077203821
11 0.001194700059256305
10 0.001215830893850376
9 0.001538041615758983
8 0.002224638059057982
7 0.002125183632739399
6 0.002780101145255954
5 0.006314191741203036
4 0.007703938710642759
3 0.01244191859469047
2 0.07539731733151085
1 0.1211324108636039
