100 0.00044179440061288
99 0.0004465529287226631
98 0.0004516344237345267
97 0.0004623245513742008
96 0.0004732400320748577
95 0.0004784305092760266
94 0.0004826928358177424
93 0.0005368790939651441
92 0.0005936922823916904
91 0.0005924931034978216
90 0.0005913668096532133
89 0.0005695980280888054
88 0.0005490605725496282
87 0.0005261456523968591
86 0.0005129361374678296
85 0.0005262618576493054
84 0.000539480174259836
83 0.0005202169753630156
82 0.000499885905404691
81 0.0005015193922427342
80 0.000502239558894324
79 0.0005067931266749528
78 0.0005317669905760362
77 0.00055738589133745
76 0.0005359878926716452
75 0.0005426730623218925
74 0.0005324127748651569
73 0.0005282815200917595
72 0.0005230674793536201
71 0.0005209636954008624
70 0.0005183927519871757
69 0.0005134779136495797
68 0.0005055773330561635
67 0.0005107081822499909
66 0.0005140877933649484
65 0.0005138362023411229
64 0.0004886044449212416
63 0.00048914226491007
62 0.0004879986574650816
61 0.0004803545067178147
60 0.0004966678926893269
59 0.0004958894092477685
58 0.0004950080189315476
57 0.0004950088519063681
56 0.0004950141643958455
55 0.0004957492900504462
54 0.0004994694004947126
53 0.0004998345386855482
52 0.0005003574023754398
51 0.0005020373798503537
50 0.0005029106300303884
49 0.0005096872292027707
48 0.0005138189245672591
47 0.000514400444392706
46 0.0005148854020679138
45 0.0005177450884435327
44 0.0005190457845584923
43 0.0005213040351262056
42 0.0005206870987885619
41 0.0004997206078245652
40 0.0004976847388627366
39 0.0004664720815573507
38 0.0004524414982451202
37 0.0004473545628805523
36 0.000337832360029734
35 0.000336047530103618
34 0.0003328153549229199
33 0.0003428527319795402
32 0.0003328264061792064
31 0.0003475260706464184
30 0.000372875950375151
29 0.0003905989740211244
28 0.0004768798098697972
27 0.000481456911026416
26 0.0004972300310532529
25 0.0005340922544036895
24 0.000559715693007469
23 0.0005662820506033953
22 0.0005715769611501056
21 0.0006291232958826178
20 0.0006755633987956683
19 0.0007229045831219965
18 0.0007612582119296818
17 0.001566648600803756
16 0.002314612989786783
15 0.002307480394421623
14 0.00229149883259181
13 0.002248207597232165
12 0.001888703012502122
11 0.001887894329194138
10 0.001885267320203941
9 0.002927490449350175
8 0.003864371573083378
7 0.003891999475923512
6 0.003909244693317506
5 0.01100920320969867
4 0.01501741222638586
3 0.01855376266591773
2 0.1231373306897059
1 0.1725685177879978
